Junction ID, X, Y
9532292776, 397.32, 1266.35
9532292777, 364.21, 1266.61
5668224861, 2212.63, 1585.24
4486235547, 2184.29, 1585.31
5674710043, 1839.66, 1640.85
5674710047, 1893.64, 1640.6
5674710044, 1801.71, 1641.09
5674710046, 1820.49, 1769.46
5674710045, 1802.8, 1751.75
10114247525, 1848.7, 1769.36
10114247527, 1868.91, 1769.28
5674710055, 1893.8, 1769.18
6886094431, 1986.42, 1720.57
6886094430, 1986.41, 1791.15
10114247524, 1849.28, 1797.76
10114247526, 1868.87, 1797.76
5668224860, 2212.35, 1550.04
5755376406, 653.43, 1667.93
5755376405, 653.33, 1621.17
10270776422, 2116.86, 1624.15
5668224893, 2080.9, 1678.12
10270776421, 2130.27, 1624.12
10270776452, 2163.39, 1378.97
10270776451, 2163.05, 1408.75
5661425112, 552.11, 1515.66
10270805516, 496.79, 1516.33
11536743530, 441.66, 1064.98
11536743523, 441.64, 1036.63
1555022101, 2186.92, 962.98
1555022100, 2201.22, 941.16
1910498577, 835.25, 1852.38
1910498554, 716.55, 1802.87
1910498579, 875.11, 1872.48
1910498540, 762.28, 1740.76
1910498574, 904.85, 1804.97
41511272, 807.96, 1903.62
1916457521, 1325.48, 1504.34
1916457460, 1325.62, 1518.05
1916457455, 1143.2, 1497.82
340244758, 1144.03, 1518.19
41954039, 2451.63, 1584.4
2053856721, 2447.57, 1584.42
7148450929, 2476.39, 1584.34
4347495382, 3484.15, 1582.46
2053856722, 2434.33, 1584.37
41596678, 2293.02, 1584.92
7049355215, 2359.95, 1584.66
1636768221, 2429.84, 1584.38
2262867795, 230.25, 1197.45
2262867807, 188.73, 1295.15
6888729469, 356.34, 1311.07
2262867812, 246.79, 1312.44
2262867808, 78.44, 1296.55
10241726133, 80.69, 1140.04
2262867784, 305.46, 1128.84
2262867827, 371.69, 1380.14
2262867820, 304.61, 1349.48
2262867779, 288.01, 1064.8
2262867774, 286.92, 991.74
41419656, 221.6, 1305.55
42212963, 1519.57, 1771.98
41868380, 1377.59, 1752.07
41542379, 1674.8, 1752.93
3216077824, 284.5, 1840.67
3216077827, 284.14, 1857.96
7668462397, 240.08, 2102.3
2262867876, 399.03, 2098.51
7668462398, 225.89, 2102.1
7668462399, 214.9, 2102.34
2262867891, 160.09, 2237.85
41523441, 635.59, 2185.69
3230969908, 446.44, 2273.73
41814043, 781.01, 2085.95
4854483352, 884.8, 1961.09
41879794, 891.4, 1949.11
42201685, 964.71, 1773.58
8507860334, 972.04, 1639.23
41511275, 778.82, 1957.12
41511283, 599.56, 2073.86
41511284, 561.34, 2090.06
41511287, 475.16, 2104.26
10241668084, 914.78, 1759.41
338518603, 921.83, 1646.52
338518445, 913.31, 1768.23
338518604, 847.71, 1646.05
1910498530, 828.96, 1688.89
2139420804, 419.35, 1841.63
3230970585, 427.1, 1841.66
41879808, 375.23, 1840.85
41879818, 0.0, 1774.65
371677722, 683.85, 1356.37
371677831, 707.52, 1317.22
371677839, 660.97, 1393.93
2139420738, 972.22, 1571.88
41935889, 972.05, 1589.32
42201708, 993.02, 1454.14
41804743, 1204.86, 1264.01
41578195, 1631.13, 1418.94
42233694, 1564.0, 1314.49
41542411, 1714.89, 1434.78
41627127, 1760.03, 1440.11
371827249, 1274.76, 1517.94
2139420741, 1274.4, 1573.43
371827663, 1234.37, 1461.8
371827460, 1234.01, 1518.01
3643232168, 2454.18, 876.05
41699041, 2452.78, 783.84
3705285574, 279.83, 1488.14
3705285578, 280.46, 1541.25
3705285570, 279.44, 1450.44
3705285568, 391.55, 1447.96
3705285572, 373.25, 1485.58
3705285567, 426.36, 1447.27
3705285575, 353.51, 1505.51
3705285579, 353.87, 1540.94
3705285573, 353.31, 1486.09
3705285571, 391.25, 1485.12
3705285584, 235.33, 1572.85
3705285585, 235.47, 1590.42
339664276, 1225.99, 1740.59
3820084277, 1225.75, 1758.06
3820084281, 1143.74, 2112.28
3820084280, 1145.27, 2077.07
41578152, 1432.96, 1518.29
41578148, 1037.18, 1480.84
3820088134, 790.68, 1234.87
41581523, 775.69, 1249.88
2262867781, 71.75, 1065.94
3823414791, 264.61, 2033.18
3823414790, 264.38, 2057.54
371160847, 321.56, 2032.86
3823414792, 321.97, 2058.6
371160842, 378.85, 1995.09
3823414793, 380.0, 2057.71
371160848, 293.52, 2033.01
3823414794, 293.33, 2009.51
3823414796, 235.92, 2033.34
3823414795, 235.96, 2011.47
42280168, 2041.4, 880.02
4347633551, 2025.92, 880.27
4347633586, 1839.79, 1594.13
4347633573, 1839.03, 1575.05
371825475, 2044.94, 1384.9
4347633560, 2029.78, 1384.64
41540976, 2046.65, 1787.75
4347678601, 2034.5, 1787.87
7672095362, 528.15, 1754.42
4486122999, 537.25, 1763.4
5755376399, 511.8, 1738.31
4486123002, 492.9, 1730.44
4486123003, 478.77, 1730.27
4347708033, 446.87, 1729.91
5755376404, 638.25, 1621.53
4486123008, 638.27, 1667.81
4347586497, 638.25, 1593.4
8552981064, 2532.38, 1122.84
4607143870, 2635.22, 1123.36
8552981061, 2488.12, 1122.52
4607143857, 2415.98, 1032.89
7578788228, 1999.99, 1499.33
4848195934, 2002.86, 1493.25
7578788226, 1972.07, 1540.27
7578788266, 1943.31, 1540.25
4848195929, 1934.94, 1540.25
4848195935, 1949.48, 1467.08
4848195932, 2030.9, 1496.77
7578788224, 1958.71, 1409.98
4848195937, 1958.91, 1389.34
4848195936, 1958.42, 1460.79
4848195950, 1934.64, 1468.62
4848195940, 1821.13, 1519.61
4848195941, 1821.22, 1554.49
4848195939, 1821.4, 1468.77
4848195942, 1802.46, 1519.84
4848195952, 1839.42, 1519.38
7578788209, 1856.73, 1519.15
4848195943, 1802.06, 1469.03
4848195951, 1840.01, 1468.48
7578788206, 1856.98, 1468.5
7578788211, 1876.25, 1468.53
7578788213, 1896.35, 1468.56
7578788215, 1915.11, 1468.6
4848195946, 1802.01, 1462.81
4848195945, 1774.45, 1434.07
4848195948, 1779.79, 1542.76
4347678606, 2037.26, 1986.68
41540978, 2047.78, 1986.66
5204052863, 1505.15, 1530.87
2139420751, 1505.78, 1573.86
41935897, 1505.68, 1592.28
41580520, 1063.42, 1069.9
5204052864, 1088.65, 1107.46
5204052865, 1045.51, 1041.87
5716818315, 1034.23, 1024.33
5204052866, 1028.8, 1016.0
5716818320, 996.64, 952.67
7131950876, 988.31, 907.97
5204052867, 978.28, 838.23
41804770, 847.19, 480.29
3230970583, 427.53, 1995.19
3230969907, 446.63, 1995.79
41511309, 1840.21, 1961.57
41511292, 1539.0, 2165.1
41511318, 1227.04, 2115.84
2012647717, 1466.86, 2139.8
41511322, 1090.38, 2109.76
41516717, 1313.74, 2033.46
41516716, 1310.71, 1985.57
41523447, 496.03, 1248.11
41523445, 494.59, 1167.0
41523453, 496.68, 1330.81
41523462, 571.36, 1073.36
41523460, 572.86, 1162.41
41523464, 571.56, 997.81
41523472, 583.74, 1992.88
41523477, 584.64, 1903.8
41523479, 583.34, 1840.99
41533404, 375.51, 1673.85
41533402, 98.02, 1641.86
10270798135, 1503.26, 1637.45
41533422, 1378.68, 1637.47
41533423, 1508.8, 1637.45
41533426, 1578.84, 1637.57
41533429, 1757.0, 1636.98
41533440, 1238.47, 1660.7
41533434, 1027.62, 1645.86
41533448, 1301.37, 1661.41
41542372, 1765.7, 1257.26
41542366, 1737.14, 1180.33
41542381, 1675.95, 1694.07
41542409, 1712.57, 1515.33
41542419, 1745.65, 938.51
41542418, 1744.86, 1043.5
41573520, 366.91, 911.61
41573517, 42.95, 906.27
3216924144, 421.64, 911.27
41573533, 1152.48, 910.57
41573531, 1047.08, 908.97
41573537, 1328.13, 911.37
41573541, 1543.22, 912.27
41573548, 1872.71, 941.51
41573546, 1963.73, 942.43
41573550, 1632.22, 942.58
41575615, 1451.12, 2217.47
41575609, 1076.52, 2176.66
41575637, 1908.75, 2042.94
41575641, 1915.45, 1979.28
41575643, 1926.23, 1928.31
41578202, 1899.84, 1245.08
41578204, 1966.16, 1246.16
41578212, 1344.27, 1414.82
3216924496, 442.39, 1167.45
3216924497, 423.58, 1167.43
41580509, 795.7, 1151.91
41580511, 877.91, 1152.63
371679511, 948.83, 1140.14
7131951038, 1014.54, 1101.47
41580521, 1112.81, 1038.08
4347633556, 2026.88, 1155.19
41580579, 1898.39, 1161.59
41581430, 1644.84, 1229.57
41581423, 1441.1, 1332.94
41581521, 1057.19, 1180.87
41581520, 880.3, 1241.9
41585256, 2191.19, 2034.96
41585254, 2242.05, 2007.45
41585259, 2109.12, 2043.46
41585262, 2309.96, 1956.64
41585261, 2397.36, 1896.26
41596676, 2292.96, 1651.47
41596672, 2330.71, 1803.42
41596696, 2356.99, 2026.13
41596694, 2405.77, 2093.13
41596699, 2278.91, 1913.63
41615329, 1238.31, 1590.73
2139420758, 1762.4, 1574.54
41644115, 475.94, 1999.29
41662006, 1889.38, 1030.44
41662021, 1757.05, 1694.59
41662023, 1751.38, 1736.43
41662034, 1758.32, 1910.53
41662032, 1754.72, 1960.65
41662036, 1756.72, 1807.16
41662040, 1871.23, 853.24
41671528, 1406.59, 2039.71
41671527, 1408.12, 1978.46
41676470, 1556.84, 2095.77
41676469, 1576.15, 2010.55
41715117, 794.44, 1398.45
41735772, 1490.95, 1372.31
41736305, 2276.68, 1821.78
41736308, 2107.71, 1823.32
41736459, 2107.42, 1786.72
41751268, 374.57, 1757.36
41604285, 74.61, 1712.82
41751288, 1518.95, 1693.26
41751286, 1378.74, 1694.0
41751293, 1578.48, 1694.04
41751331, 1130.14, 1726.95
41751330, 1027.06, 1726.52
41751335, 1300.31, 1740.17
41758306, 2551.67, 1810.24
41758305, 2497.83, 1872.88
41765696, 1967.6, 1328.05
41782015, 1129.3, 1856.78
41782009, 1202.24, 1906.9
41782028, 1361.38, 1824.55
41782023, 1258.11, 1900.11
41784229, 2100.23, 1153.88
41580580, 2043.36, 1155.12
41784235, 2346.61, 1087.57
340267810, 1451.99, 1415.32
41804740, 1367.82, 1361.34
41804746, 1150.31, 1204.93
9839638928, 864.54, 2387.76
41819648, 792.93, 997.79
41819669, 1542.77, 995.37
41819666, 1189.68, 1008.37
41845651, 1633.27, 1180.35
41845653, 1632.24, 1048.34
41845655, 1636.73, 1009.34
41848344, 1131.2, 1762.3
41858729, 2457.6, 1948.29
41858726, 2515.28, 2030.95
41868315, 1393.84, 1158.99
41868307, 1340.78, 1276.47
41868361, 1409.01, 1941.09
41868360, 1412.55, 1829.72
41804736, 1378.79, 1591.54
41868400, 1328.95, 828.9
41879753, 1977.83, 1986.75
5755376396, 537.15, 1841.22
5102796603, 531.57, 1841.24
41879773, 1501.72, 1993.63
41879782, 1226.27, 2001.08
41879786, 1092.85, 2017.5
41881243, 2246.29, 1339.64
41881239, 2101.8, 1317.96
41881251, 2363.31, 1381.42
41900034, 375.22, 1940.25
371160444, 48.41, 1934.89
41900048, 1657.02, 2033.77
41900043, 1754.55, 2041.76
41900058, 475.11, 1895.13
41908223, 1867.32, 1850.83
41908217, 1855.8, 1912.15
41908237, 1987.13, 1848.31
41908235, 1986.99, 1932.6
41909238, 1045.63, 826.28
41909247, 1151.64, 1099.01
41909253, 1197.4, 1171.58
4854483351, 1092.59, 2027.2
4854483353, 1090.15, 2113.18
41548152, 1017.05, 2335.36
41990337, 1723.78, 807.95
41990333, 1723.04, 850.27
42008916, 1272.12, 1954.86
42008920, 1251.28, 1844.49
42013282, 2708.12, 2026.2
42013294, 2408.68, 1651.5
42029642, 2247.18, 1741.01
42029640, 2107.02, 1743.29
42032644, 1213.65, 1076.05
42032649, 1543.46, 1077.42
42032766, 794.29, 1073.99
42032818, 1966.07, 1029.05
42033801, 1187.23, 828.56
42033812, 1542.64, 827.96
42033843, 227.73, 833.86
42033835, 48.6, 841.68
42033845, 367.33, 832.01
42033859, 1627.83, 853.59
42033862, 1829.68, 852.76
42033876, 1989.4, 842.78
42212904, 1545.21, 1157.98
42212930, 1489.48, 1859.33
42219550, 1514.11, 1944.23
41548161, 1446.23, 2349.5
42222746, 1484.5, 1937.31
42266584, 2600.42, 2026.15
42266591, 2451.95, 2060.85
41540986, 2049.39, 2206.44
42269700, 1094.51, 1976.94
42269698, 1215.44, 1960.87
42276533, 2172.29, 1979.27
42276539, 2107.78, 1987.22
10270798131, 2056.57, 1986.98
42280128, 2360.32, 1207.55
42280143, 2290.1, 1006.6
2412397087, 2098.44, 880.15
42280177, 2287.29, 2073.09
42306548, 911.17, 1407.86
42306546, 889.5, 1497.9
42310439, 1830.13, 808.23
42318324, 2100.4, 1071.98
2139420749, 795.12, 1576.64
5755376378, 795.13, 1593.09
7035540637, 794.65, 1453.27
42462778, 1564.87, 400.71
42463216, 2349.76, 1651.69
41711448, 2491.78, 2130.18
42500300, 2100.88, 1237.38
42520085, 2108.65, 1907.49
42520082, 2180.71, 1906.85
42521046, 1465.31, 1157.8
42521039, 1474.08, 1202.9
42574720, 2109.97, 2122.94
42598330, 1078.95, 1874.47
42598336, 1201.79, 1849.66
42598434, 1018.74, 1783.48
42629133, 1176.85, 440.32
42647912, 226.08, 454.97
42667729, 1960.97, 1195.31
42667738, 1955.25, 1122.82
42673366, 1996.21, 2042.28
42679779, 2278.85, 1210.56
42703886, 974.27, 1921.77
5661425102, 505.38, 1384.52
3216925092, 445.6, 1381.29
5661425101, 559.78, 1449.25
5661425108, 506.43, 1458.18
5661425110, 493.11, 1466.45
4347586478, 446.52, 1468.36
7672086880, 551.82, 1531.2
7672086881, 568.37, 1530.96
6888729473, 478.99, 1683.91
6888729483, 482.23, 1659.06
6888729481, 495.25, 1645.81
6888729471, 508.81, 1632.02
6888729479, 521.17, 1619.45
6888729475, 546.95, 1616.71
5661427439, 596.11, 1637.8
5661427440, 627.67, 1673.02
6888729472, 548.3, 1752.34
6888729482, 560.86, 1739.79
7672079869, 692.55, 1667.84
7672079867, 672.61, 1667.88
7672079871, 709.68, 1667.8
7672079873, 729.59, 1667.74
5755376407, 743.85, 1667.72
5755376416, 743.83, 1660.35
7672095434, 743.82, 1658.31
7672095435, 743.82, 1653.93
7672095436, 743.81, 1650.47
5755376408, 743.78, 1618.27
6888729480, 574.07, 1726.58
6888729470, 587.5, 1713.17
6888729478, 600.63, 1700.04
6888729474, 613.04, 1687.65
5668224852, 2103.81, 1399.49
5668224851, 2093.38, 1383.84
7578821448, 2094.97, 1410.05
7578821458, 2076.12, 1461.65
5668224855, 2086.94, 1483.2
5668224856, 2081.09, 1492.58
5668224857, 2086.17, 1500.98
5668224884, 2094.3, 1506.34
5668224885, 2111.48, 1517.69
5668224887, 2126.47, 1527.59
5668224858, 2140.36, 1536.75
7578821399, 2140.56, 1543.14
5668224859, 2140.78, 1550.45
4347633578, 2141.71, 1579.31
5668224880, 2154.08, 1550.37
5668224878, 2179.1, 1550.23
5668224876, 2273.25, 1550.54
5668224862, 2292.51, 1550.7
5668224875, 2293.4, 1505.81
5668224873, 2125.39, 1431.91
5668224883, 2140.23, 1442.38
5668224886, 2155.74, 1453.35
5668224888, 2168.16, 1462.12
5668224882, 2184.37, 1473.57
5668224881, 2199.97, 1484.59
5668224879, 2214.39, 1494.78
5668224874, 2228.36, 1506.38
5668224877, 2273.82, 1505.98
5668224890, 2129.87, 1614.73
5668224902, 2130.56, 1632.77
5668224901, 2212.51, 1650.44
5668224903, 2212.69, 1633.03
5668224904, 2212.64, 1613.99
5668224907, 2270.14, 1651.98
5668224905, 2212.5, 1662.25
5668224910, 2270.4, 1642.37
5668224908, 2270.59, 1621.81
5668224909, 2212.65, 1642.82
5674710054, 1893.55, 1797.57
6886094426, 1894.55, 1723.45
5674710050, 1893.48, 1623.03
5674710048, 1839.71, 1622.87
6886094424, 1914.0, 1623.09
5674710049, 1932.59, 1623.37
5674710056, 1932.42, 1594.25
5674710066, 1947.65, 1628.17
5674710063, 1997.66, 1673.41
6886094435, 2000.26, 1693.09
5674710059, 2004.59, 1717.48
5724764201, 2492.04, 1427.86
5724764200, 2635.97, 1430.66
5724764204, 2470.1, 1325.77
5724764203, 2634.84, 1324.43
5753965504, 441.63, 1083.84
5753965499, 441.86, 1118.81
5755376379, 795.84, 1626.66
5755376381, 767.31, 1687.93
7672095366, 684.45, 1733.41
7672095363, 595.41, 1801.57
5755376387, 538.66, 1813.0
5755376397, 522.63, 1812.87
5755376401, 506.79, 1812.59
5755376409, 785.25, 1625.66
7672079874, 729.44, 1618.13
7672079872, 710.63, 1618.19
7672079870, 692.49, 1620.23
7672079868, 672.41, 1620.72
5755394177, 507.41, 1753.43
5778260037, 2485.64, 952.76
5778260036, 2630.93, 951.72
2262867777, 369.46, 993.48
2262867772, 71.54, 992.81
6457386649, 2507.79, 1176.65
6457386648, 2633.23, 1175.44
371160849, 75.56, 2034.08
371160851, 57.73, 2011.88
6886094425, 1914.36, 1722.51
6886094429, 2004.82, 1788.89
6886094434, 1933.81, 1722.33
6886094439, 1956.97, 1721.77
6886094437, 1977.3, 1720.96
5674710060, 2034.37, 1717.52
6886094436, 1933.59, 1693.82
6886094438, 1977.3, 1693.41
6886094440, 1957.2, 1693.67
6888729476, 569.11, 1640.48
6912989136, 154.17, 1509.82
6912989128, 30.29, 1511.34
10241726016, 267.01, 1458.75
7035540644, 654.23, 1556.12
7035540634, 653.97, 1575.7
7035540636, 669.67, 1454.47
7035540640, 717.78, 1454.01
7035540648, 754.17, 1453.66
7035540643, 775.76, 1453.45
7035540641, 733.36, 1557.72
7035540638, 733.13, 1576.3
7035540647, 752.72, 1557.89
7049355220, 2360.01, 1553.24
7052185190, 2360.86, 1504.91
7052185192, 2315.18, 1505.4
7052185191, 2314.9, 1547.47
7087400802, 2458.37, 1268.47
7087400799, 2634.28, 1271.19
7131950868, 915.28, 926.98
7131950877, 896.63, 932.14
7131950872, 967.42, 912.53
7148450938, 2506.72, 1645.28
7174594587, 2315.73, 830.94
7174592584, 2315.7, 784.15
7199585240, 422.11, 1029.9
7199585233, 422.56, 1072.14
7672086882, 607.45, 1545.37
7462154349, 606.65, 1574.9
7672107785, 608.0, 1524.68
7462154351, 607.4, 1487.57
7672107787, 566.33, 1487.48
7462154353, 552.57, 1487.42
7578788210, 1876.18, 1545.31
7578788212, 1896.28, 1545.41
7578788214, 1914.24, 1545.5
7578788208, 1934.96, 1545.6
7578788222, 1976.36, 1462.3
7578788217, 2003.64, 1476.29
7578788225, 1968.56, 1409.92
7578788218, 1968.37, 1417.15
7578788223, 1976.66, 1417.36
7578788284, 1976.58, 1430.13
7578788273, 1986.65, 1499.25
7578862721, 2212.79, 1682.9
7628470229, 423.66, 1173.32
7628470228, 367.64, 1173.15
7668462389, 229.64, 2165.84
7672079875, 730.34, 1593.22
7672095365, 583.95, 1780.53
7672095367, 683.98, 1722.71
7672095368, 660.55, 1711.59
7672086871, 557.88, 1445.85
7672086858, 554.42, 1456.24
7672086878, 548.0, 1449.64
7672107804, 509.98, 1455.23
7672107815, 554.18, 1463.9
7672107810, 554.08, 1467.2
7672086879, 550.76, 1573.19
7672719631, 2446.17, 941.02
6470160124, 2443.96, 783.86
7672719626, 2426.43, 961.74
7990582618, 364.04, 1081.43
7990582616, 422.66, 1081.64
7668462406, 399.04, 2107.24
3230970589, 399.15, 2179.62
3216924498, 426.78, 1381.56
4351793086, 2045.11, 1493.1
8480431623, 1219.16, 1973.42
4848195949, 1935.12, 1575.5
5668224889, 2129.53, 1593.29
5668224894, 2046.07, 1678.0
3705285583, 353.93, 1569.81
41935884, 795.48, 1593.09
9489785832, 680.2, 1593.31
9491491427, 1920.31, 1594.24
4347633589, 1904.61, 1594.19
4486462974, 2031.95, 1594.1
7238058623, 2022.77, 1594.06
9491516961, 1996.17, 1594.0
3216924880, 447.1, 1589.46
3216925091, 427.87, 1589.35
9769790060, 2034.58, 1738.44
2139420774, 2045.48, 1578.16
41540973, 2045.25, 1594.12
4347633569, 2031.56, 1578.26
9939177110, 441.5, 984.96
9939192524, 441.53, 1004.99
10241726146, 381.11, 991.95
3216924152, 421.75, 996.83
6351804660, 381.08, 1001.63
566530183, 2155.61, 606.16
7891532541, 2560.0, 1717.0
1511937588, 3612.22, 3166.4
3354857080, 2151.81, 0.0
4347633567, 2045.17, 1518.74
7238058620, 2045.52, 1566.7
3823435749, 222.24, 1303.11
3596870606, 3009.9, 2604.33
3596869814, 942.14, 2000.25
3596869822, 956.34, 2013.91
3596869836, 1084.11, 2026.56
3596869882, 1062.75, 2101.52
3596869805, 898.46, 1968.69
4351793087, 1228.18, 1573.08
4347586494, 312.93, 1589.44
4347586496, 532.9, 1590.67
4347586495, 520.42, 1590.33
4347586483, 375.39, 1569.26
4347586498, 865.3, 1593.03
4347586490, 724.59, 1576.25
2139420777, 459.3, 1589.6
4347586493, 108.32, 1590.79
4347586486, 158.75, 1572.67
2139420692, 416.75, 1568.52
3216925089, 428.1, 1568.3
2139420771, 415.52, 1589.36
3216924879, 447.56, 1568.48
2139420701, 459.21, 1569.94
4351782303, 494.23, 1571.17
4347586472, 424.72, 1243.76
4347586479, 446.85, 1499.68
4347586480, 446.92, 1506.88
4347586473, 444.58, 1311.57
4347586471, 441.65, 1098.74
4347586475, 426.3, 1418.07
3216922315, 442.51, 775.04
3216924149, 442.45, 785.73
5102796738, 441.41, 956.87
4347586467, 422.69, 850.99
3216924151, 423.81, 785.77
3216922318, 423.98, 775.62
3216924881, 447.47, 1559.97
4347589941, 427.68, 1668.75
4347589940, 427.71, 1658.31
3230970581, 427.92, 1600.02
4347633574, 1890.99, 1575.11
4347633575, 1932.25, 1575.38
4347633576, 1969.92, 1577.0
4347633572, 1796.36, 1574.48
4347633583, 1580.27, 1592.39
4347633582, 1048.32, 1589.63
4347633570, 1432.61, 1573.72
4351793088, 1462.67, 1573.78
4347633588, 1886.38, 1594.21
2139420773, 2021.44, 1578.1
4347633571, 1772.76, 1574.57
4347633558, 2044.97, 1342.26
420451005, 2044.96, 1353.23
4347633554, 2042.65, 1111.69
4347633555, 2042.79, 1118.93
4347633557, 2027.42, 1191.84
4347633561, 2030.34, 1442.13
4347633565, 2030.96, 1502.98
4347633564, 2030.53, 1459.45
4347633552, 2026.1, 914.62
4347633568, 2031.16, 1539.31
4347633550, 2025.1, 760.36
4351793085, 2044.98, 1448.65
42445044, 2039.74, 697.43
4347633577, 2102.37, 1579.42
4347633587, 2106.54, 1593.68
2139420797, 2055.72, 1594.04
2139420775, 2058.77, 1578.52
4347633623, 894.27, 1573.59
4347678607, 2038.19, 2066.5
10270798133, 2037.41, 1998.84
4347678602, 2035.74, 1861.76
10270798129, 2037.13, 1975.55
4347678599, 2046.34, 1712.08
10270798132, 2047.98, 1996.64
4347678610, 2049.49, 2162.79
4347678596, 2032.74, 1672.32
4347678604, 2047.34, 1908.63
10270798130, 2047.73, 1976.53
4486462973, 2032.2, 1603.59
4347678612, 2039.46, 2206.35
2139420801, 2045.34, 1603.6
4347708040, 446.5, 1938.68
4347708037, 446.41, 1793.61
4347708038, 446.37, 1807.78
4347708041, 427.46, 2028.78
4347708039, 427.23, 1897.21
5102796605, 446.33, 1837.67
5102796601, 446.31, 1846.24
3230970586, 446.3, 1851.16
3230970578, 446.31, 1829.54
3230970582, 427.09, 1852.3
3230970584, 427.09, 1831.42
4486123006, 427.24, 1789.49
4347708042, 445.99, 2328.69
3230970588, 427.11, 2384.56
7668462405, 427.4, 2106.52
7668462404, 427.42, 2097.45
4351782306, 547.77, 1573.11
4486123011, 559.8, 1573.43
4351782301, 426.93, 1487.46
4486462975, 2031.69, 1565.2
5102796599, 458.27, 1837.68
3216924878, 446.68, 1694.79
5143202598, 446.93, 1651.28
8480404797, 2029.12, 1981.34
5203832290, 487.67, 1845.91
5102796600, 456.9, 1846.16
5668224898, 2121.4, 1643.02
7578862697, 2121.39, 1670.42
7578862696, 2117.66, 1674.83
7578862695, 2114.82, 1676.99
7578862694, 2112.31, 1677.54
7578836526, 1973.16, 1673.68
7578836524, 1969.03, 1673.73
7578836522, 1965.04, 1673.78
7578836531, 1947.44, 1657.19
7578836532, 1947.46, 1653.78
7578836533, 1947.55, 1649.74
7131951060, 1003.21, 1043.88
7131951059, 968.2, 960.51
7672095429, 782.33, 1650.79
7672095427, 780.69, 1654.44
7672095425, 778.75, 1658.76
6819280215, 420.13, 1998.76
7131950453, 446.22, 960.27
7131950680, 446.49, 935.66
7131950584, 541.04, 784.95
7131950492, 826.29, 942.76
7131950477, 831.83, 945.76
7131950481, 685.73, 951.26
7131950645, 682.02, 940.1
7131950648, 668.97, 947.91
7131950517, 838.09, 711.97
7131950664, 525.23, 831.37
7131950605, 527.39, 788.61
7131950655, 582.78, 847.19
7131950612, 592.77, 846.86
7131950616, 611.51, 832.98
7131950613, 611.43, 847.12
7131950620, 592.9, 850.97
7131950618, 592.41, 832.7
7131950621, 584.03, 858.68
7131950614, 622.41, 847.14
7131950622, 626.6, 847.16
7131950633, 691.73, 848.82
7131950658, 585.63, 947.27
4850797220, 691.49, 804.06
7131950657, 583.57, 947.26
7131950653, 569.99, 832.5
7131950678, 477.21, 916.56
7238058523, 414.77, 1600.13
3216924876, 447.01, 1600.7
7238058614, 427.93, 1558.29
7238058527, 2023.19, 1603.32
7434613890, 2395.93, 1545.0
7434613891, 2385.5, 1553.41
7434613889, 2391.74, 1540.79
7434613892, 2381.81, 1549.79
7434613888, 2388.4, 1536.93
7434613893, 2378.43, 1546.47
7434613887, 2384.34, 1533.54
7434613894, 2375.14, 1543.24
7578788268, 1946.72, 1501.8
7578788269, 1956.91, 1491.67
7578821375, 2389.81, 1477.97
7578821374, 2389.7, 1493.89
7578821377, 2399.36, 1520.84
7578821378, 2389.61, 1521.05
7578821382, 2399.28, 1527.16
7578821381, 2399.2, 1534.51
7578821380, 2388.82, 1529.51
7578821454, 2095.74, 1446.22
7578821455, 2092.6, 1450.62
7578836523, 1958.33, 1667.12
7578836525, 1960.21, 1665.28
7578836527, 1962.31, 1663.33
7578836528, 1952.28, 1661.57
7578836529, 1954.22, 1659.66
7578836530, 1956.48, 1657.43
7578862684, 2112.35, 1655.76
7578862686, 2115.07, 1655.75
7578862688, 2117.87, 1655.73
7578862689, 2121.59, 1655.7
7578862690, 2121.58, 1664.27
7578862691, 2117.86, 1664.29
7578862692, 2115.07, 1664.31
7578862693, 2112.41, 1664.32
7668462388, 225.42, 2163.53
7668462386, 215.82, 2163.26
7672095426, 765.42, 1658.85
7672095428, 765.4, 1654.57
7672095430, 764.44, 1651.01
7672095431, 757.48, 1658.8
7672095432, 757.46, 1654.48
7672095433, 758.78, 1650.94
7672107806, 517.77, 1465.02
7672107808, 534.17, 1467.02
7672107809, 542.13, 1467.04
7891532537, 2534.36, 1680.48
7891532526, 2587.2, 1669.12
7891532531, 2524.46, 1596.88
8480404794, 2028.84, 1992.94
