Junction ID, X, Y
9335207337, 6261.42, 3109.73
149860354, 6261.44, 3101.46
6637735125, 6261.37, 3136.18
149593168, 5474.02, 3357.81
1171792737, 5520.8, 3358.58
149593170, 5322.47, 3357.61
149593174, 5047.41, 3355.21
149593176, 4875.13, 3353.48
149515504, 4745.45, 3345.61
149593191, 4701.48, 3322.72
7848462348, 6261.36, 3143.93
149860358, 6261.33, 3160.1
149640707, 6261.56, 3197.84
8757059189, 6300.81, 3101.5
8775256605, 6275.78, 3101.48
6637735137, 6315.71, 3101.67
6637735136, 6334.52, 3101.74
149712496, 6375.71, 3101.89
150081060, 6489.84, 3102.5
10576342917, 6506.31, 3102.36
150075929, 6596.3, 3103.52
8171524965, 6673.63, 3104.28
149550233, 6723.91, 3104.77
9335207334, 6253.8, 3101.38
7848462351, 6246.3, 3101.3
7848462349, 6227.7, 3101.08
9571152417, 5695.93, 1281.13
9571152418, 5695.95, 1271.85
9571152419, 5690.63, 1271.85
9571152420, 5690.79, 1186.67
9571152424, 5672.21, 1271.82
9571152434, 5979.12, 1067.75
9571152436, 5996.37, 1096.08
8882806438, 5979.18, 1060.89
9571152437, 6016.13, 1073.64
9571152435, 5996.56, 1073.46
9571152595, 5912.26, 1042.53
9571152596, 5820.6, 1041.73
149687181, 5535.74, 3041.14
9651507805, 5571.49, 3041.17
6637735149, 6247.96, 3171.0
6637735148, 6247.61, 3159.95
9803146690, 2375.03, 3118.87
9803146679, 2375.88, 3061.87
1271333841, 2777.17, 1302.01
1271333963, 2895.78, 1290.64
9803567999, 3074.13, 1272.26
1271333880, 3114.78, 1267.11
9803568001, 3128.39, 1309.63
9803568000, 3129.51, 1319.89
8647078299, 3123.65, 1266.2
9803568005, 3141.46, 1318.63
9805433523, 4299.71, 1195.24
149869281, 4323.35, 1261.3
5081068252, 2727.54, 1155.86
5081068304, 2744.72, 500.38
7056505323, 2728.69, 1175.53
6985079172, 2728.78, 1176.62
9848502166, 3909.14, 1770.57
9848502165, 3897.13, 1759.86
9848502168, 3928.2, 1771.73
9848502172, 3897.77, 1802.78
9848502173, 3898.09, 1818.26
149912693, 4227.06, 1373.92
149869230, 4270.63, 1322.8
1764517583, 4215.43, 1387.59
1278964594, 4185.74, 1422.42
149893129, 4154.17, 1459.48
149893071, 4143.94, 1471.41
149824185, 4114.7, 1505.75
6669827287, 4113.16, 1507.53
6669786379, 4071.11, 1556.41
6985060931, 4052.08, 1578.6
149912694, 4043.82, 1588.13
149869235, 4319.59, 1324.66
9918533876, 2454.37, 3490.24
9918533872, 2409.84, 3501.96
9918533877, 2430.52, 3518.59
9918533878, 2467.39, 3500.36
149539141, 6074.05, 3594.75
6622945800, 6220.5, 3595.89
149539144, 5897.56, 3592.77
8186349585, 5877.97, 3592.8
8293234226, 5868.29, 3592.81
8293234222, 5833.13, 3592.86
8293234233, 5795.81, 3592.92
6649508107, 5780.4, 3592.94
8293234229, 5772.28, 3592.95
6649508094, 5734.82, 3592.93
9944289045, 5733.3, 3592.89
149628121, 5718.95, 3157.98
149628119, 5719.18, 3096.26
149628124, 5718.59, 3258.81
6132939734, 5718.37, 3318.45
8427751707, 5718.34, 3326.64
6132939738, 5718.2, 3365.21
149628127, 5718.0, 3420.58
149628129, 5717.98, 3425.12
8293211731, 5633.47, 3096.24
8293211741, 5611.87, 3096.22
1754696192, 5534.81, 3096.2
10088870714, 4162.63, 1572.73
10088870709, 4151.33, 1586.23
10088870712, 4178.04, 1586.31
10088870713, 4162.57, 1586.26
10094945384, 3338.96, 1170.27
10094945383, 3340.36, 1183.25
10094945387, 3357.96, 1181.4
10094945392, 3338.16, 1164.06
10094945388, 3323.88, 1149.07
10094945391, 3325.57, 1165.25
149593166, 5534.38, 3376.75
1261111634, 5535.19, 3237.1
10593405345, 5532.97, 3623.67
149539151, 5533.2, 3590.16
149755014, 5532.74, 3655.88
3633534012, 5532.55, 3686.4
3633144197, 5532.12, 3742.69
149623645, 5531.14, 3953.8
149962429, 5529.9, 4219.73
7686038674, 5528.33, 5484.85
149962437, 5528.28, 5496.73
7686038677, 5528.07, 5512.12
1374399817, 5526.37, 5638.11
10127762999, 5567.97, 3077.25
10127762998, 5535.13, 3077.3
10127763001, 5570.42, 3060.46
10127763000, 5535.42, 3060.46
10127763004, 5553.45, 3023.23
10127763002, 5536.08, 3006.01
10127763005, 5535.91, 3023.31
10127763007, 5569.78, 3029.76
150038256, 1544.94, 2312.49
149682791, 2011.17, 2288.41
150014012, 1314.55, 2144.35
149682807, 1935.11, 2176.42
1270475953, 3225.94, 2332.42
1270475957, 3425.78, 2311.59
1270475799, 3008.38, 2355.72
1270475885, 2799.11, 2377.9
1270475923, 2581.19, 2400.76
1270475943, 2348.91, 2425.0
1270475822, 2050.79, 2456.71
1270475899, 1782.61, 2494.27
1270475931, 637.94, 2419.31
10208692340, 6286.35, 2344.09
10208692366, 6287.01, 2313.02
10208692354, 6590.87, 2449.83
10208692364, 6591.73, 2410.44
10208692341, 6609.86, 2449.48
10208692348, 6610.98, 2414.08
10208692355, 6305.31, 2377.33
10208692336, 6306.54, 2310.34
150014001, 1345.43, 2037.36
1271333787, 1865.53, 2072.51
1271333702, 3577.58, 1452.17
1271333695, 3698.7, 1440.48
1271333935, 3358.12, 1474.83
1271333910, 3138.98, 1499.04
1271333862, 2737.92, 1788.26
1271333736, 2946.12, 1766.22
1271333821, 2762.07, 2024.11
1271333843, 2890.24, 2011.3
1271333783, 2544.63, 2047.09
1271333945, 2311.48, 2071.75
149682812, 1891.21, 2119.51
1271333675, 1937.85, 2705.69
1272638076, 1536.17, 2748.33
1271333930, 2075.83, 2692.32
1271333966, 2373.47, 2660.95
1271333889, 2605.86, 2636.29
1271333924, 2823.72, 2614.1
1271333750, 3032.56, 2590.61
8293239641, 3092.69, 2584.01
10706058159, 3136.31, 2579.22
1271333919, 3186.85, 2573.68
3755115730, 2066.66, 1779.91
3755115732, 2071.31, 1799.29
1271333784, 3333.66, 1243.36
1271333668, 3435.22, 1234.06
149904203, 1708.99, 1837.58
149641377, 1873.84, 1745.92
3755115702, 2030.36, 1733.18
1272637598, 3370.87, 1596.76
1272637946, 3589.59, 1569.35
1271333719, 3151.72, 1621.12
1271333770, 2933.26, 1643.92
1271333753, 3563.71, 1317.53
1271333902, 3345.66, 1357.31
1271333771, 3126.48, 1379.28
1271333687, 2908.15, 1402.92
1271333912, 2298.68, 1953.98
1271333679, 1850.04, 2000.59
1271333915, 2532.28, 1928.48
1271333825, 2750.33, 1906.33
1271333739, 1906.63, 2592.25
1271333888, 649.15, 2523.18
1271333822, 2063.2, 2574.87
1271333905, 2361.34, 2542.69
1271333950, 2593.58, 2519.31
1271333955, 2811.57, 2496.1
1271333890, 3020.5, 2474.24
10917528574, 3223.63, 2452.53
1271333710, 3238.31, 2450.96
1271333898, 1836.62, 1872.06
1271333693, 1753.11, 1880.75
1271333681, 2092.91, 1844.79
1271333853, 2228.38, 1831.67
1271333721, 3383.44, 1714.65
1271333941, 3620.28, 1689.31
1272638074, 3640.58, 2320.61
1272637814, 3442.58, 2320.82
1272637672, 3836.78, 2320.39
1272637821, 3089.86, 1028.29
1272637712, 2870.7, 1050.7
1272637804, 3309.01, 1005.18
1272637689, 3488.12, 986.12
1272637863, 2835.62, 2728.72
1272637507, 3045.46, 2706.82
1272637915, 2617.82, 2751.67
1272637521, 2385.23, 2775.27
1272637993, 2087.69, 2807.24
1272637500, 1974.83, 2819.09
1272637770, 1983.08, 2876.12
1272637736, 3212.28, 2869.23
1272638178, 2954.42, 2861.04
1278964821, 3440.32, 2871.26
1278964648, 3636.79, 2871.03
1278964781, 3835.17, 2871.33
2200885683, 1990.76, 3381.86
1272637945, 2145.98, 3365.26
1272638001, 1750.7, 3407.3
1272638005, 1608.72, 3423.79
1272637778, 1835.19, 3573.96
1272637706, 1859.65, 3493.1
1272637536, 1629.36, 3614.67
1272637607, 2641.65, 2976.6
1272637660, 2859.37, 2953.96
1272637600, 2409.37, 3000.85
1272637824, 2111.36, 3032.7
149682537, 2003.27, 3040.56
1272637670, 3321.01, 1121.57
1272637800, 3420.91, 1111.62
1272638171, 3101.98, 1144.48
1272637566, 2883.02, 1166.4
1272637732, 3836.74, 2413.02
1272637576, 3891.06, 2413.21
1272638137, 3640.4, 2413.25
1272638149, 3442.39, 2411.91
149869297, 3571.32, 1392.36
149869293, 3679.98, 1381.06
149641007, 3351.87, 1415.06
149869299, 3132.71, 1438.9
149869301, 2914.89, 1462.58
1623983723, 2844.65, 1469.72
149869305, 2705.04, 1483.78
1623983701, 2534.37, 1505.14
1272637970, 1785.29, 3502.38
1272637739, 1619.23, 3520.92
1272637635, 1912.67, 3487.16
1272638004, 2556.43, 2164.55
1272637515, 2324.05, 2190.5
1272637999, 2774.47, 2143.46
1272637924, 2983.47, 2119.73
1272638027, 3201.36, 2096.87
149641041, 3421.99, 2072.74
1272637628, 3189.17, 1980.02
1272637499, 3408.79, 1955.38
149637226, 3339.26, 1297.66
149637223, 3522.12, 1280.01
149637234, 3120.39, 1320.86
149637237, 2901.6, 1344.85
1272638141, 1867.2, 3685.87
1272637653, 1639.71, 3710.46
1272637493, 2099.17, 2919.58
149682519, 2029.32, 2928.55
1272638042, 2397.49, 2890.0
1272637720, 2629.52, 2864.01
1272637537, 2847.75, 2842.32
149840120, 2979.83, 2833.66
1272637875, 3759.26, 1083.63
1272638128, 3980.18, 1060.92
1272637973, 3540.59, 1106.66
1272637981, 3772.03, 1199.48
1272637644, 3960.51, 1180.43
150093232, 3566.43, 1220.5
1272637652, 3783.72, 1311.29
1272637841, 3720.36, 1317.82
1272637880, 3939.32, 1295.23
1272638164, 3183.68, 2671.13
1272637907, 3051.89, 2822.7
8293239629, 3222.76, 2624.13
8293239638, 3233.17, 2611.61
1272637604, 3311.42, 2517.49
149637574, 3442.51, 2365.23
1272637557, 1819.2, 3290.4
1272637773, 1596.89, 3314.35
1272637562, 2135.03, 3257.65
1272637700, 2432.4, 3227.0
149600489, 2631.51, 3217.77
1272637767, 1937.71, 1269.29
1272638161, 2045.19, 1257.24
1272637855, 3796.06, 1429.39
1272637636, 3934.76, 1414.99
1272638009, 1925.48, 1149.67
8189647514, 2032.72, 1137.01
1272637610, 1818.38, 1160.9
1272637787, 1320.04, 1213.15
150038240, 1679.09, 1991.59
1272637624, 1847.25, 1974.55
1272637617, 1858.03, 3174.21
1272637982, 1669.19, 3187.89
1272637871, 2123.4, 3144.55
1272637601, 2421.14, 3114.17
1272637685, 2653.65, 3089.45
8293502353, 2723.35, 3082.79
8293502354, 2734.1, 3081.75
149912726, 2750.92, 3080.11
1272637847, 3176.82, 1861.67
1272638016, 3396.81, 1841.69
1272637656, 2958.76, 1884.16
149839865, 2942.58, 3158.33
149839862, 2945.45, 3087.16
149722310, 2943.7, 3248.62
149839878, 2942.82, 3607.39
1279856782, 2942.95, 3562.3
149839882, 2942.45, 3697.81
149839884, 2942.18, 3787.56
149539079, 2942.11, 3877.42
1279857003, 2943.47, 3292.94
149600451, 2943.33, 3338.48
1279856756, 2943.06, 3382.21
10758357879, 2942.89, 3408.54
149839871, 2942.77, 3427.67
1279856759, 2942.91, 3471.74
149597332, 2943.08, 3518.42
1272637976, 3213.7, 2215.06
1272637580, 3434.05, 2192.9
1272637494, 2996.13, 2238.17
1272637854, 2786.93, 2261.18
1272637622, 2568.91, 2283.23
1272637894, 2336.26, 2305.83
149682782, 1997.28, 2342.65
1272638069, 1805.77, 1043.17
1272637772, 1590.07, 1064.77
1272637790, 1912.8, 1029.99
1272638105, 2019.55, 1018.5
1272638010, 2127.1, 1008.66
1272637844, 2233.07, 996.56
1272657692, 4128.43, 1639.71
1272657741, 4044.21, 1639.68
1272657688, 4318.39, 1639.98
1272657727, 4508.43, 1641.57
1272657724, 4707.3, 1641.63
1272657696, 4873.46, 1641.81
1272657713, 4919.81, 1642.17
1272657687, 4127.71, 1745.29
1272657693, 4023.72, 1746.11
1272657712, 4318.5, 1747.12
1272657690, 4508.86, 1747.93
10231025941, 4672.82, 3439.05
10231025938, 4653.38, 3439.01
1449171729, 5725.25, 1439.25
1278964717, 5907.29, 1441.59
1278964846, 5540.84, 1438.2
1278964889, 3441.75, 2596.46
1278964607, 3307.05, 2593.89
1278964950, 3638.44, 2596.49
1278964919, 3835.39, 2597.05
1278964759, 4508.93, 1329.0
1278964799, 4707.7, 1327.52
1278964845, 5722.93, 2074.82
1278964658, 5607.53, 2020.39
1278964769, 5904.41, 2076.89
1278964671, 6054.33, 2077.28
1278964681, 6264.56, 2077.43
1278964690, 3442.09, 2503.82
1278964575, 3387.47, 2499.83
1278965002, 3639.46, 2504.37
1278964895, 3836.07, 2503.63
1278964834, 4315.61, 2923.79
1278964956, 4452.92, 2925.87
1278964727, 4128.54, 2924.84
1278964620, 4505.21, 2600.87
1278964685, 4702.81, 2601.72
7033083092, 4327.41, 2599.65
1278964815, 4314.84, 2599.67
1278964918, 4125.39, 2596.96
1278964916, 4873.64, 1533.69
1278964987, 4909.08, 1534.46
1278964943, 4707.35, 1532.72
1278964936, 4508.16, 1532.15
1278964985, 4318.3, 1532.65
149824193, 4129.14, 1530.52
1278964624, 6055.59, 2184.17
1278964728, 6264.29, 2186.11
1278964983, 5903.94, 2180.66
149628090, 5722.55, 2176.94
1278964643, 5537.93, 2175.96
1278964868, 5903.39, 2303.57
1278964786, 6264.0, 2303.6
1278964801, 5722.1, 2300.2
1278964576, 5536.41, 2300.17
8289864358, 5520.07, 2299.87
1278964873, 5371.64, 2297.66
1278964566, 4505.34, 2924.59
3653922111, 4558.35, 2925.02
8178032870, 4493.68, 2924.87
1278964692, 4508.65, 1960.44
1278964896, 4707.16, 1963.29
1278964970, 4317.71, 1959.89
1278965009, 4126.94, 1959.61
1278964788, 4042.18, 1959.09
8548128423, 5238.23, 2178.1
1278964809, 5372.02, 2179.92
1278964837, 5204.36, 2177.64
1278964966, 5038.23, 2175.65
1278964790, 4873.59, 2282.6
1278964612, 4956.62, 2284.08
1278964989, 4706.96, 2280.6
1278964580, 4507.99, 2280.8
1278964545, 4316.9, 2281.55
1278964746, 4126.01, 2280.75
1278964827, 4315.17, 2705.5
1278964760, 4156.45, 2648.88
1278964771, 4505.25, 2816.43
1278964997, 4439.41, 2814.43
149734739, 5905.87, 1756.66
1278964897, 5724.1, 1754.71
1278964820, 6056.74, 1756.67
8292753662, 6093.94, 1757.1
1278964595, 6265.36, 1759.12
1278964650, 4126.8, 2067.0
1278964836, 4049.8, 2067.29
1278964687, 4317.51, 2065.73
1278964630, 4507.67, 2068.08
1278964682, 4705.96, 2066.85
1278964642, 5160.76, 1435.9
1278964960, 5040.84, 1434.51
1278964601, 3111.58, 3202.14
1278964718, 3028.71, 3203.19
1278964752, 3279.32, 3203.36
1278964812, 3446.87, 3204.04
1278964608, 3614.23, 3204.46
1278964978, 3782.16, 3204.39
8178006110, 5705.49, 1539.85
1278964667, 5724.89, 1539.91
8178006108, 5662.99, 1539.71
1278964939, 5540.67, 1539.37
8293197375, 5497.4, 1538.79
8548161146, 5478.11, 1538.53
8548161151, 5471.37, 1538.43
1278964669, 5374.1, 1537.12
1278964877, 4317.97, 1852.5
1278964770, 4416.65, 1853.28
1278964948, 4217.02, 1151.05
1278964587, 4088.67, 1165.85
1278964842, 4435.68, 1129.83
1278964744, 5206.42, 1536.42
1278964733, 3426.98, 2124.64
1278964696, 3600.16, 2108.63
149922695, 6055.32, 1863.17
1278964933, 6265.1, 1865.49
1278964993, 5905.39, 1861.85
1278964912, 5723.71, 1860.8
1278964563, 5539.75, 1860.01
1278964699, 5373.06, 1859.04
1278964965, 5205.27, 1857.8
1278964641, 5039.35, 1856.84
1278964662, 4315.88, 2813.82
1278964742, 4357.22, 2813.83
1278964929, 4125.48, 2814.06
1278964783, 5205.57, 1750.28
1278964553, 5373.4, 1751.91
1278964628, 5039.73, 1749.19
1278964915, 5374.42, 1437.64
1278964994, 5206.47, 1435.99
149912706, 3695.09, 1995.97
1278964802, 3416.59, 2023.22
1278964761, 4505.74, 2705.15
1278964647, 4702.62, 2706.0
3653922095, 4384.7, 2704.75
149628099, 5721.57, 2446.37
1278964977, 5536.19, 2444.05
1278964852, 5902.74, 2447.47
1278964976, 6263.64, 2449.0
1278964813, 3405.12, 1920.44
1278964758, 3622.63, 1897.76
7033054148, 4141.68, 2496.05
1278964930, 4124.58, 2495.78
7033054171, 4167.07, 2496.47
1278964684, 4316.34, 2493.73
1278964615, 4506.77, 2494.54
1278964720, 4703.8, 2494.88
1278964722, 4507.53, 2387.92
1278964583, 4706.84, 2388.76
1278964638, 4316.97, 2386.09
1278964640, 4125.5, 2385.29
1278964782, 3594.29, 1796.97
1278964766, 3394.05, 1815.22
1278964777, 3637.05, 2961.08
1278964716, 3834.66, 2961.12
1278964886, 3439.82, 2960.01
1278964794, 3211.91, 2959.33
149686614, 3072.67, 2960.06
1278964666, 4702.21, 2926.19
1278964694, 4864.77, 2171.08
1278964548, 4972.43, 2174.94
1278964703, 4507.64, 2175.21
1278964645, 4706.51, 2174.23
1278964732, 4316.72, 2173.9
1278964840, 4126.27, 2173.11
1278964614, 3441.06, 2778.1
1278964713, 3212.28, 2779.5
1278964596, 3636.92, 2779.95
1278964629, 3835.27, 2782.05
1278964674, 4315.05, 3034.54
1278964962, 4138.8, 3033.06
1278964932, 4505.53, 3034.56
1278964708, 4319.69, 1429.91
1278964979, 4508.89, 1430.19
1278964578, 4707.93, 1432.58
1278964927, 4874.61, 1433.28
1278964657, 3637.54, 2688.09
1278964603, 3835.1, 2689.43
1278964881, 3441.53, 2687.54
1278964549, 3234.48, 2678.66
1279856867, 5321.41, 3605.6
1279856834, 5427.73, 3605.8
1279856666, 5046.35, 3602.36
1279856904, 4874.47, 3600.85
1279857119, 5321.98, 3506.25
1279857094, 5428.44, 3507.48
1279856811, 5046.77, 3504.3
1279857107, 4874.73, 3503.57
1279857034, 4744.96, 3515.95
1279856827, 4875.27, 3303.04
1279857071, 4745.3, 3303.24
1279856687, 5047.61, 3306.09
1279857123, 5323.24, 3308.31
1279856830, 5509.33, 3309.59
1279856726, 3960.83, 3473.94
1279856967, 4117.96, 3519.76
1279856704, 4535.26, 3149.46
1279856817, 4647.88, 3148.86
1279856728, 4368.78, 3147.99
1279856872, 4200.19, 3148.82
1279856729, 3781.95, 3384.61
1279856768, 3890.13, 3385.33
1279856853, 3614.07, 3384.7
1279856890, 3446.32, 3383.75
1279856940, 3279.12, 3383.06
1279856886, 3111.04, 3382.89
1279857103, 4535.25, 3265.9
1279857068, 4642.88, 3322.47
1279856784, 4368.38, 3264.16
1279856857, 4199.83, 3263.97
1279857075, 4199.1, 3495.8
1279856685, 4426.67, 3501.63
1279857084, 5322.46, 3406.89
1279857055, 5475.25, 3409.02
1279857024, 5047.2, 3404.17
1279856903, 4875.0, 3403.94
1279857101, 4745.12, 3402.11
1279856979, 3781.77, 3473.37
149901798, 3890.16, 3476.11
1279856720, 3613.94, 3473.45
1279857036, 3446.0, 3473.53
1279856931, 3278.85, 3472.59
1279857131, 3110.87, 3472.16
1279856727, 3963.1, 3384.09
1279856986, 4078.12, 3385.56
1279856833, 3951.93, 3653.62
1279857058, 4124.58, 3655.6
1279857136, 4367.8, 3381.11
1279857102, 4199.46, 3380.84
1279857106, 4534.55, 3382.07
1279857025, 4701.37, 3381.73
149515508, 4769.89, 3550.62
149515510, 4769.81, 3650.58
1279856969, 3111.26, 3292.59
1279856945, 3279.53, 3293.53
1279856864, 3446.59, 3294.22
1279857081, 3614.24, 3293.63
1279856750, 3782.17, 3294.58
1279856788, 3888.38, 3295.53
1279856721, 3110.64, 3562.71
1279856975, 3278.62, 3562.63
1279857020, 3445.48, 3564.09
1279856824, 3613.71, 3564.01
1279856781, 3781.69, 3564.45
1279856953, 3883.91, 3564.82
10558745677, 4047.46, 1477.09
6669827285, 4035.16, 1484.12
10558745678, 4069.51, 1476.07
6669827288, 4087.01, 1489.9
10558745688, 4070.42, 1532.14
6669786380, 4057.43, 1536.63
10558745692, 4074.37, 1527.73
10558745701, 4080.93, 1520.72
10558745696, 4087.73, 1512.81
10558745700, 4092.1, 1507.93
10558745684, 4098.6, 1496.22
10558745703, 4069.76, 1509.9
8295688800, 4067.44, 1512.43
8295688798, 4072.09, 1507.36
10558745687, 4068.9, 1530.69
10558745686, 4063.04, 1525.83
10558745691, 4072.9, 1526.17
10558745690, 4067.24, 1521.09
10558745695, 4086.07, 1511.34
10558745694, 4080.19, 1506.17
10558745699, 4090.47, 1506.38
10558745698, 4084.81, 1500.96
10558745702, 4079.25, 1519.03
10558745685, 4058.98, 1522.63
10558745689, 4063.11, 1517.71
10558745693, 4076.22, 1502.53
10558745697, 4080.7, 1497.28
10576342919, 6489.71, 3120.21
10576346544, 5578.79, 1236.16
10576346543, 5537.91, 1235.51
10583629722, 5477.45, 3473.3
150083849, 5475.05, 3457.87
10583629721, 5444.2, 3486.37
10583629724, 5514.5, 3490.67
10583629726, 5494.52, 3382.63
10583629725, 5494.65, 3458.06
10583629731, 5554.97, 3421.67
10583629728, 5534.24, 3462.99
10583629730, 5554.36, 3386.32
10583629732, 5572.24, 3448.38
10583629734, 5585.63, 3483.63
6649489584, 5561.08, 3489.5
10583629738, 5561.8, 3568.99
10583629735, 5550.45, 3541.22
10583629740, 5573.18, 3569.11
10583629737, 5584.83, 3569.23
10583629742, 5562.13, 3551.9
10583629743, 5561.92, 3562.92
10583629741, 5573.39, 3540.93
10583629745, 5573.31, 3551.9
10583629739, 5562.34, 3540.96
10583629744, 5573.23, 3562.86
10583659908, 3248.88, 1674.11
10583659907, 3245.27, 1642.13
10593405346, 5554.17, 3623.61
10593405357, 5570.75, 3609.18
10593405349, 5598.23, 3609.13
10593405356, 5570.52, 3639.37
10593405354, 5591.44, 3656.15
10593837227, 6242.92, 1166.53
10593837219, 6242.81, 1177.87
10593837222, 6247.29, 1145.73
10593837221, 6265.89, 1145.9
10593837224, 6265.05, 1128.66
10593837225, 6226.94, 1177.84
10609420615, 4026.53, 1639.43
149912696, 4018.31, 1617.31
10613985277, 5287.85, 1385.3
10613985273, 5206.84, 1333.97
10673476343, 5998.69, 1545.66
10673476340, 5996.01, 1570.87
10696842481, 4045.47, 2243.69
10696842472, 4044.91, 2225.42
10696842478, 4046.38, 2259.96
10696842477, 4042.1, 2316.11
10696842479, 4002.2, 2258.76
10696842483, 4000.39, 2224.05
10696842480, 4001.84, 2242.73
10706058156, 3130.82, 2639.73
10748487237, 6224.18, 3706.48
10748487236, 6224.74, 3658.68
10750075557, 5865.67, 1424.75
10750075550, 5907.31, 1435.94
10758357880, 2923.84, 3415.37
10758357875, 2908.41, 3426.89
10758357881, 2923.78, 3427.37
6043336362, 6349.72, 1515.17
6043336352, 6354.0, 1482.47
10772669467, 5943.19, 1433.95
1449171771, 5907.33, 1432.79
10772669469, 5982.7, 1443.19
10772669472, 5921.49, 1417.65
10772669470, 5907.4, 1417.25
10791912137, 6192.86, 1093.51
10791912136, 6234.39, 1093.66
10806967563, 4675.01, 1287.9
10806967560, 4657.97, 1273.23
10806967565, 4691.35, 1299.58
10806967562, 4707.68, 1320.78
10806967564, 4675.41, 1273.26
10806967566, 4707.61, 1299.19
10862500974, 4719.71, 2875.51
10862500973, 4719.7, 2894.13
10862500971, 4747.94, 2875.53
10862500970, 4702.3, 2875.5
10862500972, 4747.93, 2894.14
10917528565, 3227.81, 2464.64
10917528564, 3239.64, 2464.05
10917528566, 3229.96, 2494.75
10917528567, 3242.52, 2492.66
10917528571, 3227.14, 2502.44
10917528568, 3209.58, 2513.79
10917528572, 3226.77, 2512.16
10917528575, 3206.7, 2478.11
10965467100, 3732.79, 3135.46
10965467097, 3732.81, 3159.78
10965467104, 3732.76, 3095.68
10965467098, 3732.75, 3086.39
10965467101, 3747.94, 3135.34
10965467099, 3781.91, 3135.11
937261161, 5787.34, 1157.15
937261159, 5773.82, 1147.38
937261163, 5801.3, 1176.7
937261158, 5769.85, 1147.3
1449171765, 5749.27, 1176.39
149755041, 5780.38, 3657.86
8293234230, 5772.06, 3643.77
6924203564, 6443.46, 2364.46
7908095656, 6440.04, 2364.56
6043413607, 6201.09, 3344.28
1754696070, 6166.9, 3343.99
11148781166, 3166.09, 1758.78
11148781165, 3147.26, 1761.08
11148797035, 2826.27, 2093.92
11148797034, 2769.73, 2100.85
11148797036, 2825.33, 2077.2
11148797037, 2830.05, 2128.75
11299888438, 5724.03, 3556.51
11299888437, 5733.37, 3557.08
11299888436, 5735.87, 3557.12
11299888439, 5715.8, 3555.9
11299888443, 5706.36, 3540.44
11299888442, 5723.93, 3541.01
11299888441, 5733.6, 3541.46
11299888440, 5736.09, 3541.21
6649508096, 5701.61, 3532.66
11299888445, 5723.88, 3533.84
11299888444, 5733.71, 3533.82
7060479270, 5736.44, 3533.89
11345129936, 5291.87, 1126.96
11345129938, 5209.57, 1126.49
6132939739, 5793.33, 3363.42
11780058720, 5819.0, 3363.42
7290763360, 5480.36, 3077.01
7290763352, 5479.91, 3095.6
7290763361, 5516.36, 3061.26
12016485784, 6495.05, 3336.59
375932639, 6487.78, 3294.58
7186667080, 6315.23, 1413.72
1452159844, 6266.23, 1413.02
7186667084, 6352.07, 1414.26
149740468, 6494.71, 1416.31
6639770455, 6651.93, 1417.49
6639770446, 6736.71, 1418.12
149771163, 6818.7, 1418.73
149519683, 7010.44, 1421.35
12273099354, 3099.92, 2672.45
12273099352, 3102.42, 2693.69
12273099356, 3078.81, 2644.59
12273099357, 3114.53, 2655.51
7221713114, 5995.27, 1353.93
12273618822, 5967.88, 1353.75
8292928429, 6132.24, 1062.4
1449171589, 6035.71, 1061.04
149708461, 6149.83, 1062.64
8292928421, 6234.49, 1062.61
149708464, 6263.96, 1062.59
149604777, 6382.59, 1063.2
149708466, 6501.47, 1062.68
7260093520, 6607.62, 1062.76
1449184730, 6660.18, 1070.75
149787133, 5105.44, 1025.94
149701437, 5104.38, 371.15
149632916, 5105.37, 1103.84
8528896815, 5105.31, 1173.4
10576346541, 5634.61, 1221.31
1449171696, 5631.41, 1175.29
149869243, 5634.85, 1280.47
149942159, 5634.53, 1389.05
149551810, 6928.95, 1548.4
150010222, 7014.45, 1645.43
149861712, 6857.48, 1464.44
149760581, 6741.31, 1328.49
149760568, 6703.78, 1286.0
150010218, 6667.41, 1242.46
150010211, 6654.25, 1191.19
149828780, 6653.62, 1178.58
8179557211, 5436.4, 3095.11
150023451, 5397.87, 3094.66
8552493791, 5384.79, 3094.47
8552493793, 5367.86, 3094.22
7192249119, 5326.34, 3093.61
149862052, 5323.22, 3093.56
149862055, 5048.53, 3092.06
149862057, 4875.83, 3091.1
9335170308, 4478.88, 1064.19
149615386, 4492.2, 1063.17
149615392, 4431.67, 1068.27
9335170309, 4483.6, 1073.31
149637193, 4400.8, 1169.09
149637243, 4377.83, 1197.71
8548776166, 4360.4, 1218.05
149910628, 4305.81, 1281.39
2018377333, 2062.34, 1389.67
149615448, 2117.76, 1318.53
149519684, 2006.84, 1443.2
150017611, 1979.79, 1463.97
149869198, 1973.8, 1554.12
150017640, 1998.56, 1603.27
149883817, 2863.43, 2957.12
1617212080, 2895.87, 2922.24
149912724, 2810.36, 3015.53
149862115, 2802.85, 3024.0
149912722, 2920.76, 2896.17
8293502348, 2773.07, 3056.18
149912732, 2570.26, 3282.45
149912730, 2583.6, 3268.21
8178541853, 2534.55, 3322.78
7173960362, 2526.08, 3332.36
8189154058, 2730.05, 3104.33
8647185473, 2711.45, 3125.9
149745841, 2697.17, 3142.46
149722341, 2690.15, 3150.52
149912728, 2662.3, 3181.1
7896279325, 2647.73, 3198.44
149905488, 2635.52, 2920.94
149883813, 2854.07, 2898.11
149616941, 2403.39, 2944.82
149548496, 2105.1, 2976.21
149682525, 2033.22, 2983.12
149637598, 3439.16, 3085.99
149862090, 3446.33, 3086.02
149637733, 3278.88, 3086.22
8272796505, 2839.55, 3067.83
149650335, 2852.26, 3081.15
149544961, 3211.2, 3086.05
149544967, 3111.42, 3086.2
3629468327, 3052.19, 3086.54
3263279441, 2923.62, 3087.39
3263279442, 2906.46, 3087.57
3629468328, 2880.26, 3087.63
149623026, 3148.05, 2640.7
149912720, 3050.82, 2753.54
149797429, 3037.28, 2769.0
149663711, 2989.16, 2823.65
7249291952, 2960.09, 2854.93
8293239635, 3197.4, 2580.71
149910125, 3251.65, 2516.66
149912716, 3188.6, 2591.11
149922693, 6056.89, 1703.08
149551816, 6056.97, 1602.02
149856748, 6056.69, 2235.23
149831264, 6056.39, 1809.83
149720221, 6055.06, 1917.22
1754442462, 6054.68, 1971.07
149922697, 6054.31, 2023.59
149922698, 6054.35, 2125.97
1155543438, 6056.87, 1592.59
150015602, 3596.21, 1635.45
150015600, 3638.9, 1630.97
149641019, 3377.44, 1659.26
149910116, 3158.36, 1684.8
150015595, 3699.54, 1624.24
6985060929, 4034.81, 1598.44
1272657685, 4008.25, 1630.35
149902644, 3998.1, 1641.89
9571152516, 6039.05, 467.44
1438069065, 6041.67, 236.83
1449171738, 6038.92, 475.52
9571152518, 6038.85, 484.37
1449171673, 6037.96, 710.88
1449171747, 6035.61, 944.54
8882874487, 6035.7, 1052.19
8882806431, 6035.67, 1069.68
8272698091, 6035.23, 1131.09
149637145, 6034.7, 1178.74
6985060928, 4030.42, 1589.37
1272657753, 4005.06, 1591.73
149902643, 3995.23, 1592.77
627613406, 3989.15, 1593.33
1629733946, 3699.85, 1990.45
149912708, 3647.63, 2053.17
149637571, 3442.62, 2291.21
149772532, 3370.6, 2378.34
149751356, 3277.55, 2488.1
149545592, 3605.53, 2102.41
6369594238, 3565.16, 2148.73
149912710, 3549.02, 2167.78
149532166, 3535.38, 2183.56
149912712, 3476.34, 2251.91
149912714, 3462.79, 2267.59
149912703, 3729.78, 1955.78
149880080, 5556.99, 354.14
149541632, 5576.84, 234.17
9571152511, 5541.41, 583.91
10576346542, 5537.98, 1224.02
1449171600, 5538.77, 1279.41
149942161, 5541.09, 1388.04
149893046, 5540.58, 1487.81
9335189634, 5541.13, 1578.75
1155543479, 5541.26, 1589.56
149962409, 5541.36, 1597.96
9335189633, 5541.28, 1605.67
1449171779, 5541.25, 591.56
7082064345, 5540.98, 1636.09
149962410, 5540.34, 1699.53
8178006105, 5540.46, 1753.8
149831267, 5540.57, 1805.03
149720240, 5539.52, 1913.25
1754442459, 5539.46, 1966.5
149962413, 5539.39, 2019.9
8190287104, 5539.27, 2086.23
8190287101, 5539.24, 2103.56
9571152509, 5541.18, 598.91
149962415, 5539.21, 2121.93
149962417, 5536.6, 2231.93
8548128436, 5536.43, 2292.47
149772581, 5536.2, 2371.33
149874368, 5536.19, 2462.74
149874485, 5535.27, 2497.53
149751370, 5536.01, 2552.94
1449171760, 5540.24, 708.53
149803019, 5535.86, 2606.34
149802936, 5535.08, 2643.86
1754696073, 5535.19, 2661.79
149623063, 5535.55, 2724.24
149623035, 5535.52, 2732.1
1754696159, 5535.5, 2781.67
149960836, 5535.64, 2823.51
149960860, 5535.65, 2836.26
8552493787, 5535.68, 2873.22
1754696158, 5535.68, 2892.08
1449171720, 5538.25, 1059.78
149663670, 5535.7, 2915.48
149663738, 5535.79, 2940.53
1754696120, 5536.04, 2992.46
149687132, 5536.1, 3003.91
9335170285, 5538.26, 1167.61
8179557198, 5535.07, 3141.5
149722250, 5535.15, 3155.59
8528856809, 5538.25, 1175.19
9335170284, 5538.2, 1183.51
10559143204, 2236.21, 3665.88
149539118, 2273.68, 3621.56
149623787, 2207.76, 3699.56
149474438, 4038.49, 1223.55
149474428, 4020.34, 1342.92
149515502, 4745.43, 3259.79
149515506, 4745.77, 3450.59
5425407165, 2078.59, 1611.12
149519672, 2079.6, 1615.39
5425407162, 2073.55, 1587.18
5425407139, 2086.63, 1550.92
149519668, 2089.18, 1547.95
1614193866, 2030.12, 1468.62
5425407126, 2032.46, 1470.82
149532167, 3580.12, 2221.64
149537598, 2735.83, 3578.3
149537595, 2761.29, 3492.42
149537600, 2710.66, 3664.07
149537602, 2685.4, 3750.72
149537606, 2659.45, 3837.38
149537610, 2610.66, 4010.48
149543889, 3442.32, 2435.59
149543891, 3346.44, 2547.88
149543893, 3266.74, 2640.96
149543895, 3216.76, 2699.37
149543899, 3212.76, 2703.9
149543902, 3153.22, 2776.12
149543904, 3113.27, 2823.6
149544950, 3212.55, 2732.15
149544952, 3212.27, 2776.14
149544955, 3212.37, 2823.56
149544957, 3212.19, 2914.87
149544959, 3211.63, 3003.84
149544969, 3111.71, 3159.55
149544981, 3110.55, 3607.74
149544983, 3110.77, 3697.61
149544985, 3109.82, 3788.46
149545000, 3108.81, 4533.39
149544971, 3111.44, 3248.3
149544975, 3111.07, 3338.38
149544977, 3111.0, 3427.8
149544979, 3110.73, 3518.33
149545576, 3665.92, 2273.19
1437615429, 6727.84, 2032.98
149545607, 6701.29, 1919.27
149548487, 2044.77, 2397.57
149548488, 2056.81, 2515.85
149548498, 2117.64, 3089.27
149548500, 2129.41, 3202.12
149548502, 2140.51, 3311.75
149548505, 2150.07, 3400.26
149548490, 2069.62, 2634.13
149548492, 2082.14, 2751.52
149548494, 2093.33, 2863.92
8548234581, 6300.2, 3294.07
375932627, 6261.72, 3294.2
8548234592, 6319.99, 3294.01
8548234593, 6341.14, 3293.6
375932634, 6378.91, 3293.81
6043336360, 6349.79, 1554.62
1452159862, 6265.87, 1555.74
8186257595, 6359.17, 1554.6
149551808, 6512.83, 1552.46
149551811, 7057.06, 1544.71
5081068470, 3927.04, 1656.67
627613436, 3942.71, 1648.42
149555090, 3916.92, 1678.77
149557266, 6316.68, 1266.49
149557265, 6266.6, 1266.12
921048817, 5820.65, 1019.33
149582237, 5820.81, 944.49
8548126456, 5820.61, 1036.98
149582240, 5820.56, 1060.49
8882806418, 5820.55, 1068.23
8882806421, 5820.52, 1079.94
8882806419, 5820.41, 1131.63
937261167, 5820.41, 1134.39
1449171683, 5820.31, 1176.87
1449171768, 5820.12, 1282.49
149582583, 2652.25, 1012.87
9369400654, 2624.19, 776.63
149582586, 2657.75, 1066.97
149597312, 3960.42, 3519.38
149600387, 4535.11, 3322.02
149600391, 4367.95, 3321.65
149600393, 4199.65, 3321.94
149600403, 4147.79, 3327.52
149600412, 4137.41, 3334.41
149600424, 4108.61, 3339.97
149600442, 3782.04, 3338.6
149600440, 3888.79, 3339.7
149600444, 3614.01, 3337.9
149600446, 3446.36, 3337.99
149600449, 3279.31, 3337.08
149600461, 2872.96, 3333.31
149600477, 2753.84, 3297.93
149600482, 2707.98, 3273.86
149604773, 6384.34, 946.38
8293424307, 6382.73, 1121.11
149604779, 6382.86, 1179.03
149604781, 6382.47, 1242.08
149609141, 6262.66, 2841.66
149609139, 6054.64, 2841.1
8646837685, 6613.83, 2882.41
149609149, 6262.56, 2879.08
149609152, 6726.91, 2883.48
6640301014, 6678.54, 2560.93
149611611, 6263.37, 2555.47
149611614, 6730.65, 2561.61
149614090, 6262.95, 2725.46
149614088, 6053.88, 2724.86
149615383, 4510.77, 1062.42
149615380, 4707.84, 1062.25
9335170307, 4503.01, 1062.73
149615450, 2051.1, 1319.93
149615453, 1944.0, 1331.14
149615455, 1837.57, 1342.35
149615461, 1623.75, 1363.59
149616900, 2292.14, 1888.65
149616898, 2280.45, 1777.39
149616903, 2292.7, 1894.41
149616919, 2342.69, 2366.3
149616922, 2355.21, 2484.36
149616925, 2367.63, 2602.41
149616928, 2379.37, 2720.13
149616935, 2391.33, 2832.75
149616944, 2415.44, 3057.67
149616947, 2426.82, 3170.51
149616948, 2437.91, 3282.8
149616909, 2305.22, 2012.69
149616914, 2317.74, 2130.75
7011741809, 2327.6, 2224.1
149616916, 2330.17, 2248.47
149622971, 5050.06, 2730.77
149622967, 5153.62, 2731.51
149622974, 4876.8, 2729.52
7064837558, 4735.71, 2728.51
149622976, 4702.58, 2728.27
149622987, 4505.19, 2759.68
149622985, 4702.52, 2760.39
3653922100, 4381.02, 2759.68
1526811218, 4353.85, 2759.34
149622995, 4315.82, 2758.77
149622998, 4125.57, 2759.2
149623012, 3835.16, 2733.61
149623010, 3890.33, 2734.39
149623014, 3637.26, 2733.12
149623016, 3441.39, 2732.54
149623038, 5370.23, 2732.1
149623041, 5262.51, 2732.11
149623044, 5202.78, 2732.11
149623048, 5191.14, 2732.11
149623053, 5901.48, 2724.53
149623057, 5720.55, 2723.31
1449171723, 5726.65, 1060.25
149628069, 5727.07, 944.05
920867070, 5726.22, 1175.69
1155543476, 5724.7, 1590.35
149628078, 5724.67, 1598.56
149628080, 5724.3, 1700.5
149628082, 5723.91, 1807.09
8646864957, 5723.73, 1855.67
149628083, 5723.51, 1914.66
1754442458, 5723.32, 1968.23
149628085, 5723.12, 2021.22
149628074, 5725.84, 1281.46
149628088, 5722.75, 2123.37
149628093, 5722.34, 2233.12
149628096, 5721.83, 2375.72
149628102, 5721.37, 2499.04
1754696165, 5721.17, 2555.05
149628105, 5720.97, 2606.74
8178011423, 5725.76, 1300.59
1754696157, 5720.77, 2662.59
1754696195, 5720.33, 2783.33
149628108, 5720.13, 2837.97
1754696201, 5719.92, 2892.72
149628111, 5719.75, 2942.08
1754696107, 5719.56, 2992.75
11965872060, 5719.44, 3034.58
149628115, 5719.42, 3041.31
11965872045, 5719.36, 3047.97
8178011444, 5725.51, 1370.1
149628075, 5725.44, 1390.03
8178011429, 5725.42, 1394.02
149628076, 5725.07, 1489.09
149628183, 5700.68, 3657.74
149628179, 5688.57, 3656.58
8293234244, 5717.0, 3690.46
149628216, 5757.66, 4025.63
149628684, 2860.96, 3421.91
149597340, 2847.61, 3511.72
149628686, 2833.58, 3599.97
149628689, 2821.68, 3688.89
149628692, 2809.59, 3777.38
149539090, 2796.62, 3866.96
9335189631, 5097.05, 1103.84
149632919, 4899.49, 1103.73
149637214, 3777.4, 1250.83
149637211, 3951.65, 1232.94
149637217, 3613.63, 1268.88
149637252, 4222.44, 1204.04
8293253865, 4201.19, 1206.29
6660615538, 4046.45, 1222.7
3755114609, 1965.75, 1442.73
149637288, 1955.87, 1443.54
149637291, 1849.53, 1454.97
3755145373, 1834.45, 1456.59
149637317, 703.61, 1568.16
149637587, 3440.72, 2823.62
149637590, 3439.97, 2913.14
149637593, 3439.69, 3003.44
149637577, 3442.33, 2457.75
149637580, 3441.85, 2548.83
149637584, 3441.67, 2640.57
149637749, 3278.02, 3697.29
1279856718, 3278.25, 3652.41
149637754, 3278.04, 3788.15
149637763, 3276.2, 4237.01
9335207344, 6268.81, 3197.85
6637735139, 6279.68, 3197.88
6637735143, 6306.28, 3197.93
6637735129, 6335.73, 3197.99
149640711, 6377.04, 3198.07
149640714, 6489.33, 3195.79
8293132808, 6525.13, 3178.19
149640721, 6489.41, 3177.84
149640731, 6595.19, 3178.86
149640736, 6671.69, 3179.53
149640988, 3276.3, 698.77
149641001, 3314.81, 1062.33
149641011, 3364.18, 1532.89
149641022, 3388.93, 1765.23
149641026, 3390.14, 1777.76
149641029, 3399.65, 1868.99
149641032, 3402.55, 1896.04
149641035, 3410.39, 1970.53
149641038, 3415.54, 2013.65
149641044, 3427.67, 2131.82
149641049, 3432.14, 2174.5
149641054, 3439.98, 2250.1
149615442, 3327.6, 1184.6
149641361, 1788.35, 863.28
149641365, 1811.95, 1101.37
149641368, 1824.67, 1219.2
149641370, 1861.19, 1572.58
149641372, 1873.71, 1691.08
149650338, 2827.42, 3134.9
149650341, 2790.33, 3217.41
149650344, 2716.57, 3379.33
149597355, 2679.29, 3461.73
149650347, 2642.31, 3543.24
149650351, 2606.4, 3625.2
149650353, 2569.13, 3707.04
149539105, 2532.05, 3788.44
149548890, 2457.89, 3953.35
6990475977, 5311.25, 1158.07
8528905821, 5311.26, 1175.12
928658539, 5311.28, 1148.17
8179661888, 5311.32, 1143.43
6915898384, 5311.87, 1074.25
921085748, 5312.13, 1059.23
149663657, 5049.29, 2912.01
149663654, 5264.84, 2913.04
149663659, 4876.31, 2910.61
149663663, 4702.25, 2909.41
8552493784, 5516.21, 2915.25
149663673, 5369.66, 2913.49
149663677, 5322.44, 2913.28
149663686, 4505.31, 2869.04
149663682, 4702.31, 2870.78
7033083185, 4449.5, 2868.91
7033083165, 4410.51, 2868.84
149663692, 4315.94, 2868.69
149663695, 4125.4, 2868.45
149663708, 3636.59, 2824.87
149663706, 3835.37, 2824.91
7249291959, 3008.2, 2823.36
8295908119, 4047.68, 2824.29
149663719, 4095.72, 2824.11
149663725, 4024.93, 2825.04
149663737, 5900.49, 2943.61
149663735, 6054.28, 2944.92
149665078, 6362.0, 1847.31
149665076, 6265.14, 1850.44
149665084, 6480.56, 1848.28
10026167087, 6667.53, 1847.74
149671035, 4938.45, 2549.76
149671031, 4938.41, 2640.79
149675444, 1634.38, 3661.17
149675439, 1862.88, 3637.29
5748257726, 1990.93, 3094.53
149682648, 1991.78, 3102.68
5748257402, 1986.01, 3061.17
149682543, 1983.82, 3054.13
5748257824, 1908.99, 2837.09
1271333870, 1911.1, 2849.23
5748257825, 1907.99, 2827.9
149682671, 1941.39, 2669.29
149682669, 1942.41, 2680.82
149682673, 1939.1, 2660.09
149682674, 1934.49, 2647.44
149682675, 1912.28, 2601.15
149682679, 1901.19, 2584.48
149682680, 1896.08, 2579.03
149682682, 1888.92, 2573.02
149682683, 1878.09, 2566.55
149682687, 1869.67, 2562.19
1271333717, 1908.62, 2817.03
149682688, 1843.92, 2550.79
149682689, 1834.34, 2545.66
149682692, 1816.16, 2534.06
149682695, 1795.5, 2511.37
149682696, 1775.82, 2485.26
149682698, 1770.04, 2476.81
149682702, 1765.31, 2469.04
149682704, 1762.24, 2462.27
149682709, 1760.23, 2456.17
7012433060, 1916.89, 2778.86
149682715, 1759.18, 2451.51
149682720, 1756.89, 2441.53
149682724, 1756.54, 2431.77
149682727, 1756.87, 2423.24
149682730, 1759.52, 2414.5
149682733, 1764.3, 2406.65
149682735, 1768.39, 2402.24
149682737, 1774.23, 2397.05
149682742, 1782.59, 2392.32
149682746, 1786.96, 2391.12
149682656, 1918.39, 2771.78
149682749, 1794.82, 2389.71
149682751, 1801.9, 2389.29
149682753, 1820.9, 2390.04
149682758, 1836.51, 2389.76
149682761, 1858.83, 2387.3
149682764, 1880.76, 2382.63
149682769, 1959.3, 2360.34
149682772, 1978.71, 2355.21
149682775, 1988.81, 2350.04
149682779, 1993.58, 2346.73
149682660, 1922.14, 2755.64
149682784, 2002.06, 2334.47
149682786, 2010.53, 2303.03
149682788, 2011.24, 2295.83
149682793, 2010.13, 2282.64
149682797, 2007.45, 2273.88
149682800, 2003.5, 2265.89
149682802, 1999.55, 2259.22
149682805, 1983.25, 2238.22
149682664, 1932.25, 2723.44
149682810, 1907.22, 2140.74
149682815, 1883.02, 2107.74
149682817, 1871.94, 2087.75
149682823, 1860.81, 2059.67
149682826, 1857.07, 2047.13
149682830, 1854.02, 2034.27
149682832, 1852.61, 2024.51
149682834, 1843.16, 1936.39
149682836, 1841.86, 1922.64
149682839, 1831.71, 1824.56
149682667, 1940.11, 2696.66
149682859, 1863.91, 3645.93
149682862, 1870.94, 3731.17
149686602, 3067.14, 2913.94
149686618, 3073.17, 3004.27
149687088, 5048.91, 3001.98
149687086, 5317.49, 3004.12
149687091, 4876.07, 3000.69
8548176290, 4748.44, 2999.96
149687094, 4702.08, 2999.7
8358683175, 4564.77, 2979.45
149687107, 4702.11, 2980.86
149687114, 4505.33, 2978.85
149687118, 4315.28, 2978.71
149687121, 4132.12, 2978.39
8428586853, 5486.74, 3004.11
149687134, 5369.36, 3004.57
149687150, 3637.11, 3003.59
149687146, 3834.33, 3005.41
149687168, 4047.38, 2999.09
149687165, 4109.54, 2999.02
11965875583, 5907.42, 3042.62
149687176, 6056.28, 3043.32
149687178, 5897.98, 3042.61
11965875590, 5889.23, 3042.55
11965872048, 5726.44, 3041.52
11965872066, 5711.69, 3041.28
7027958545, 5577.04, 3040.95
149698434, 3698.25, 1836.96
6502152079, 3715.72, 1732.68
935932404, 6587.08, 2824.4
149712356, 6262.7, 2822.54
8295952527, 6376.38, 3150.42
149712499, 6381.01, 3389.47
6609000193, 6380.74, 3442.44
149712506, 6381.51, 3483.96
8177946812, 6381.99, 3533.29
6665354526, 6382.31, 3566.0
149712510, 6382.53, 3587.86
1754442461, 5905.18, 1916.06
149720244, 5372.89, 1911.97
149720247, 5205.12, 1910.69
149720255, 5039.17, 1909.42
149720308, 1331.12, 2087.98
8647680443, 4684.5, 1907.02
149720393, 4706.53, 1906.52
8647680436, 4610.78, 1908.67
149720397, 4509.7, 1910.93
149720400, 4317.55, 1907.53
149720403, 4126.54, 1905.71
1278964678, 4030.66, 1907.79
149720419, 4012.06, 1913.24
149720455, 3195.23, 2038.09
149720490, 3656.68, 1945.68
149722216, 5048.16, 3177.93
149722210, 5322.55, 3180.43
149722219, 4875.6, 3176.53
149722222, 4701.75, 3175.69
149722234, 4070.24, 3248.97
149722231, 4130.02, 3248.96
149722246, 5899.53, 3157.87
149722243, 6054.14, 3157.88
8293211730, 5632.36, 3156.85
8293211739, 5612.9, 3156.6
7229648935, 5600.58, 3156.44
7229648946, 5589.01, 3156.29
8293211732, 5554.55, 3155.84
6337600279, 5552.19, 3155.81
6032147019, 4659.51, 3206.53
149722263, 4701.69, 3206.71
8187176241, 4653.86, 3206.51
149722269, 4535.4, 3205.9
149722272, 4368.83, 3204.64
149722276, 4200.02, 3204.82
3627605018, 4170.64, 3205.08
149722299, 3782.32, 3248.85
149722295, 3888.49, 3249.4
149722305, 3614.48, 3248.49
7896279327, 2709.51, 3166.24
149722308, 3446.83, 3248.35
149637739, 3279.77, 3247.99
7896279319, 2762.13, 3202.51
8647185469, 2723.48, 3177.47
149723168, 6719.28, 3482.97
149723068, 6939.64, 3104.48
6665354520, 6549.67, 3484.58
6637735152, 6310.63, 3484.38
8293291739, 6283.27, 3484.55
149723185, 6268.23, 3484.65
1449171821, 5907.53, 1389.49
149734744, 5905.64, 1807.43
1754442464, 5904.9, 1969.9
149734746, 5904.66, 2022.52
149734749, 5904.2, 2124.79
149734752, 5903.7, 2234.26
149734755, 5903.06, 2376.28
149734758, 5902.5, 2500.82
1754696234, 5902.25, 2555.46
149734761, 5902.01, 2609.41
1754696121, 5901.85, 2663.05
1754696080, 5902.05, 2785.28
149734765, 5900.97, 2839.66
1754696082, 5900.72, 2893.36
149734768, 5897.71, 2994.01
11965875586, 5897.97, 3035.8
11965875580, 5898.2, 3049.26
149734771, 5899.8, 3098.37
149734775, 5899.07, 3259.7
6132939737, 5898.8, 3319.99
1754696075, 5898.71, 3338.18
149734728, 5907.07, 1490.76
6132939740, 5898.59, 3363.42
149734782, 5898.33, 3421.69
149734785, 5897.58, 3525.94
149734790, 5897.26, 3658.08
149534852, 5896.19, 3895.26
8178006112, 5906.85, 1538.78
1155543453, 5906.61, 1590.9
149734731, 5906.57, 1600.79
149734734, 5906.11, 1702.56
1449171623, 5910.09, 1177.64
8882786014, 5912.08, 1068.26
7301163329, 5905.47, 1196.97
7301163327, 5905.08, 1215.49
7301163331, 5904.48, 1243.16
7301163333, 5904.06, 1263.04
149734832, 5902.52, 1283.04
150074406, 6499.2, 1242.93
149973489, 6500.7, 1179.85
149760579, 6496.28, 1326.88
149745845, 2659.43, 3145.86
149682581, 1851.98, 3231.15
149745848, 1590.81, 3258.04
149751279, 5203.71, 2447.96
149751293, 4873.77, 2549.05
8186151820, 4792.88, 2548.28
8186115313, 4736.85, 2547.75
1754696216, 4733.8, 2547.72
149751326, 4083.76, 2551.92
149751323, 4125.34, 2551.79
149484663, 4040.85, 2552.79
149751372, 5370.82, 2553.71
149751375, 5203.3, 2552.11
149751377, 5090.39, 2551.96
149755023, 6268.95, 3658.76
149755034, 6172.96, 3658.59
149755037, 6073.87, 3658.4
8293234239, 6032.46, 3658.32
8186349584, 5877.21, 3658.03
6476902033, 6716.46, 1286.1
149519692, 6995.24, 1288.38
149760576, 6266.52, 1325.37
6947457140, 6072.57, 1285.21
8292753669, 6057.7, 1285.09
6909349547, 6100.0, 1285.39
6683218639, 6225.13, 1286.25
1452159790, 6266.55, 1286.54
149765525, 4613.82, 3509.5
149765523, 4426.63, 3509.04
149766288, 6511.08, 1641.31
149766299, 6449.44, 2032.29
149766296, 6466.37, 1936.36
6673860838, 6450.05, 2073.41
149766317, 6408.05, 2138.26
1437615518, 6354.92, 2180.91
7155468532, 6480.71, 1835.53
149766340, 6481.53, 1766.5
149766344, 6474.93, 1899.38
149766421, 6496.76, 1766.46
149766416, 6496.73, 1641.25
149860309, 6266.18, 1434.17
921081808, 6108.19, 1491.17
149772450, 643.39, 2469.78
149772470, 5203.9, 2338.57
149772467, 5371.5, 2339.42
6924104374, 5027.65, 2337.67
6924104373, 5010.76, 2337.58
150023472, 5009.11, 2337.58
149772478, 4873.51, 2336.89
149772482, 4707.02, 2336.05
149772495, 4507.84, 2335.05
149772499, 4316.92, 2334.09
149772503, 4125.79, 2333.14
149772508, 4087.21, 2332.94
149772519, 3837.07, 2366.53
149772516, 3890.21, 2366.42
149772522, 3641.01, 2365.49
149772538, 3232.16, 2392.02
149772541, 3014.39, 2414.0
149772546, 2805.52, 2437.09
149772549, 2587.35, 2460.25
6669519983, 5986.77, 2376.52
149772576, 6058.11, 2376.73
8289864357, 5519.82, 2371.31
1754696191, 5407.65, 2371.16
149772583, 5371.41, 2371.11
9335189630, 5097.15, 1025.95
149676856, 4890.31, 1026.09
8178474404, 2997.09, 2769.61
149797435, 2841.15, 2785.71
149797438, 2623.66, 2808.54
149682507, 1972.06, 2876.95
149802970, 3637.83, 2641.82
149802968, 3835.06, 2641.98
149802977, 4504.77, 2649.87
149802975, 4702.72, 2650.04
1526811255, 4361.92, 2649.27
8178032852, 4354.32, 2649.22
1526811197, 4315.35, 2648.98
149802984, 4125.45, 2648.83
149802989, 4091.72, 2648.85
149802991, 4080.75, 2649.44
8186474107, 4058.65, 2648.91
149802994, 4029.26, 2648.21
149803008, 3835.04, 2646.85
149803005, 3891.66, 2647.31
149803017, 6055.55, 2609.52
149824197, 4128.1, 1586.16
149824207, 4127.33, 2011.84
149824211, 4126.3, 2118.98
149824213, 4126.36, 2225.94
149824215, 4125.25, 2439.42
149751308, 4125.39, 2546.12
149824201, 4128.76, 1692.16
149824204, 4126.67, 1798.2
1278964847, 4126.72, 1852.95
149824235, 4200.38, 3088.87
149824237, 4199.28, 3438.39
149824243, 4198.9, 3560.28
149824245, 4198.59, 3660.55
149623681, 4197.69, 3944.79
149824277, 4145.36, 3088.31
11679464764, 6678.23, 1182.79
6475561516, 6735.92, 1193.7
149828804, 7052.05, 1128.84
149831223, 3182.84, 1919.38
7011703087, 3087.59, 1929.95
7011703090, 3014.17, 1938.09
149831226, 2965.01, 1943.56
149831229, 2756.43, 1965.53
149831231, 2538.93, 1987.81
7170934814, 4656.54, 1799.54
149831274, 4707.15, 1799.53
7170934804, 4627.02, 1799.55
7888592861, 4613.14, 1799.56
8647680432, 4578.37, 1799.57
8647680431, 4559.19, 1799.57
149831275, 4508.55, 1799.58
149831276, 4318.38, 1799.56
149831278, 4032.7, 1798.37
6673725467, 5672.38, 1806.51
149831268, 5373.23, 1805.58
149831269, 5205.42, 1804.2
149831270, 5039.54, 1802.6
149831271, 4953.72, 1801.95
149831273, 4872.97, 1800.9
149831286, 3853.47, 1811.62
149831289, 3950.87, 1818.19
149455406, 3836.78, 1831.22
149831304, 3597.66, 1847.87
149831310, 1665.48, 2042.16
149833403, 5428.8, 3456.79
149539169, 5428.09, 3555.84
149833405, 5427.37, 3655.01
3633534008, 5427.32, 3673.15
149833421, 5425.01, 4228.52
149852759, 2106.97, 821.2
149827382, 2133.87, 1066.86
8189690117, 2139.87, 1126.97
149852764, 2145.8, 1186.24
7056505360, 2146.51, 1193.33
149852771, 2161.08, 1259.59
1437615645, 6264.18, 2234.03
6673860807, 6372.43, 2180.91
1437616074, 6727.73, 2190.96
6043336358, 6288.18, 1464.26
149860311, 6266.1, 1464.25
6043336359, 6306.81, 1464.26
6043336351, 6354.23, 1464.28
149519682, 7029.42, 1467.95
8292753668, 6075.66, 1490.48
1452159902, 6057.18, 1490.09
1452159884, 6266.03, 1491.96
149862043, 6054.2, 3099.15
149869211, 558.41, 1695.02
8293253862, 4211.8, 1323.9
149869220, 4235.24, 1321.32
8292753670, 6030.42, 1284.79
6683218654, 6006.98, 1284.54
8179661896, 5445.7, 1278.39
149869250, 5374.91, 1277.62
149869251, 5206.92, 1275.78
149869253, 5041.41, 1273.98
149869259, 4922.82, 1272.69
7221713103, 5999.48, 1284.46
8178011417, 5880.46, 1283.15
7301163324, 5856.58, 1282.9
8178011420, 5825.79, 1282.55
149869267, 4707.53, 1273.33
149869265, 4875.2, 1273.6
149869269, 4508.72, 1272.94
149869286, 3789.72, 1368.77
149508043, 3932.92, 1354.3
149869287, 3752.55, 1373.38
149869453, 3781.24, 3788.34
149869446, 3822.24, 3793.28
149869455, 3612.59, 3788.35
8435117051, 2410.81, 3615.84
149869482, 2448.68, 3641.29
8185879396, 2396.6, 3605.39
8435117056, 2383.79, 3595.31
9918533871, 2369.81, 3584.31
8185879401, 2353.48, 3571.47
149869490, 2331.9, 3554.52
149869457, 3445.0, 3788.06
149874328, 3836.4, 2458.05
149874326, 3891.87, 2458.5
149874330, 3639.85, 2457.23
149874336, 5057.69, 2443.23
149874343, 3244.31, 2510.49
149874345, 3180.01, 2516.6
149780241, 3026.41, 2532.61
149874360, 5371.15, 2448.67
149874370, 5371.12, 2461.42
149874380, 4873.74, 2442.23
149874378, 5016.44, 2443.87
8186151821, 4766.55, 2440.99
149874383, 4706.67, 2440.31
149874386, 4507.21, 2440.68
149874390, 4316.47, 2439.88
8178032847, 4130.19, 2439.47
149874399, 654.79, 2575.45
149874467, 2599.77, 2578.08
149874471, 2817.26, 2555.7
149874482, 6055.93, 2499.72
149860340, 6263.51, 2501.06
149883797, 2717.86, 1602.24
149883799, 2731.73, 1729.98
149883804, 2780.88, 2200.98
149883806, 2792.81, 2319.81
149883811, 2830.17, 2672.42
149883801, 2744.2, 1847.04
149720464, 2767.78, 2083.36
149890280, 6718.21, 3690.32
149890278, 6718.09, 3589.14
149771507, 6696.62, 4210.95
8293502351, 2755.21, 3022.92
8293502352, 2715.17, 3027.01
149892297, 2647.96, 3033.9
149682578, 1863.19, 3115.31
149892307, 1577.95, 3139.1
7210395847, 6011.71, 1490.29
149893058, 4874.23, 1481.35
149893053, 4921.08, 1481.22
149893060, 4707.92, 1479.76
149893062, 4508.63, 1478.81
149893064, 4319.43, 1478.24
149893047, 5374.26, 1485.61
149893048, 5206.33, 1483.2
6185148060, 5166.97, 1483.35
1278964899, 5151.43, 1483.37
149893051, 5040.66, 1482.61
3755115665, 1990.68, 1678.32
149893084, 2003.68, 1676.52
149883117, 1225.95, 1759.11
6669827289, 4089.06, 1456.74
6669827286, 4037.13, 1462.05
149893136, 4014.79, 1464.33
149893147, 3802.03, 1486.5
149893145, 3934.65, 1472.64
149860350, 6262.4, 2945.9
9335207326, 6269.77, 2945.93
149905257, 6561.01, 2947.02
149905258, 6725.75, 2949.29
149905486, 2612.0, 2695.03
8189154051, 2656.76, 3119.71
6665354522, 6325.59, 3587.64
336014965, 6316.21, 3587.6
6622945794, 6346.27, 3587.72
6665354525, 6362.53, 3587.78
149909297, 6431.23, 3588.04
149909318, 7484.28, 3592.29
7056489155, 2320.47, 1636.57
149893165, 2320.56, 1645.11
149910638, 4319.94, 1379.39
149910644, 4317.87, 2012.63
149910647, 4317.14, 2119.0
149910651, 4316.88, 2226.79
149751301, 4316.22, 2546.36
7033083157, 4315.12, 2689.28
149862072, 4314.82, 3088.41
149910640, 4317.18, 1586.73
149910642, 4318.63, 1693.15
149862070, 4368.73, 3088.74
149910664, 4367.65, 3438.21
149910680, 4426.99, 3438.68
149910682, 4426.36, 3560.79
149910684, 4426.27, 3578.51
149910687, 4425.84, 3660.62
149531408, 4424.89, 3843.54
149860342, 6263.24, 2610.42
149860352, 6261.37, 3044.97
9335207328, 6270.21, 3045.01
8775256606, 6276.46, 3045.04
149919270, 6559.32, 3046.51
149919271, 6724.6, 3048.77
8293234234, 6073.92, 3640.67
149917362, 6060.18, 4266.72
149922706, 6049.59, 3422.35
149922705, 6049.73, 3368.72
149922712, 6046.78, 3466.77
9335189617, 4708.03, 830.83
149912689, 4707.22, 819.04
149925966, 4707.85, 1380.48
149925968, 4706.75, 1589.57
149925970, 4707.88, 1695.16
149925973, 4706.94, 1986.46
9335170292, 4707.52, 1165.83
149925974, 4706.34, 2014.16
149925976, 4705.87, 2078.64
149925978, 4706.09, 2120.19
149925981, 4706.28, 2143.13
149925983, 4706.9, 2226.72
149637181, 4707.5, 1171.53
9335170293, 4707.5, 1178.0
149931543, 3873.69, 1020.87
149931541, 3857.75, 864.24
6371119831, 3834.82, 1865.05
149755160, 3824.46, 1845.86
149720437, 3835.79, 1908.37
149931740, 3836.26, 2001.54
149931742, 3836.09, 2041.87
1134695595, 3833.83, 3082.22
149862082, 3833.77, 3091.96
6151818875, 3834.08, 3044.28
149751347, 3835.73, 2550.79
149931770, 3835.7, 2275.98
149931766, 3835.0, 2914.22
149766380, 6495.87, 1917.48
1437616123, 7189.18, 1903.05
149860326, 6264.96, 1919.06
149766356, 6449.8, 1919.46
149529370, 3957.38, 3609.52
149941394, 4122.5, 3609.93
149941397, 4613.72, 3579.3
149941402, 3781.7, 3608.84
149901796, 3875.05, 3611.89
149941405, 3613.67, 3608.48
7742328558, 2530.37, 3480.66
149941436, 2546.15, 3491.1
8178541847, 2486.54, 3448.05
8178541845, 2471.9, 3436.01
149912735, 2450.94, 3417.37
149941407, 3445.25, 3608.01
149637745, 3278.49, 3607.77
6637735118, 6214.92, 3159.6
10772669479, 5902.51, 1389.45
1449171622, 5824.89, 1389.01
149948772, 3613.97, 3159.29
149862088, 3614.08, 3086.27
149948777, 3612.91, 3697.9
149524712, 3614.28, 4093.47
149948775, 3614.12, 3428.21
149597326, 3613.75, 3517.96
149950927, 2525.73, 1869.98
149720469, 2550.28, 2105.86
149950929, 2562.61, 2223.48
149950931, 2575.03, 2341.31
149682606, 1754.23, 3455.36
149958702, 1613.77, 3470.47
149958704, 1926.5, 3437.87
149682626, 1860.81, 3619.99
149960824, 3868.76, 2909.82
149901810, 3892.51, 2910.47
149960830, 3636.99, 2914.29
6618877905, 5516.76, 2824.03
149960839, 5369.95, 2823.13
149960841, 5260.27, 2822.44
1155543474, 5230.56, 2822.25
149960846, 5049.68, 2821.14
149960847, 4876.55, 2820.06
7064837553, 4734.27, 2819.18
149925987, 4702.41, 2818.99
8295908120, 4061.73, 2912.09
149960853, 4102.15, 2911.23
149960855, 4056.08, 2912.15
8899540521, 5683.42, 2837.63
8899540525, 5662.03, 2837.44
8295905215, 4097.87, 2853.21
8431591415, 4103.62, 2928.75
8431591409, 4108.25, 2983.8
149862075, 4116.9, 3088.55
149963015, 4123.7, 3159.96
8272698093, 6098.66, 1178.15
149973485, 6149.44, 1177.68
7573200053, 6621.57, 1178.85
7260093516, 6611.83, 1178.93
11679464763, 6645.63, 1178.65
149860304, 6267.47, 1177.92
8293441821, 6306.96, 1178.3
7260093523, 6591.88, 1179.1
149755176, 3988.51, 1008.83
149964119, 3753.38, 1033.11
6985039768, 3625.0, 1047.17
6985060885, 3547.94, 1055.61
149980316, 3534.98, 1057.03
149981510, 3640.13, 2272.97
149862085, 3636.09, 3086.36
149751351, 3639.08, 2549.53
149981567, 3446.91, 3158.82
1279856773, 3445.76, 3653.35
149981570, 3446.28, 3428.18
149597328, 3445.72, 3518.37
8190287103, 5578.28, 2020.18
149984936, 5372.54, 2018.71
149984939, 5204.81, 2017.52
149984944, 5038.79, 2016.34
149910120, 3207.51, 2155.8
149984951, 2989.85, 2178.56
7011741805, 2221.19, 2260.11
7011741816, 2125.93, 2270.28
149985037, 612.21, 2181.05
149492866, 3934.09, 2001.09
149912702, 3736.7, 1947.83
149985062, 4507.55, 2013.32
1278964745, 4038.9, 2007.62
149902655, 4007.82, 2000.15
149985081, 4898.55, 1988.04
149989225, 1624.12, 3566.2
149682615, 1807.44, 3533.8
149924551, 2002.08, 832.15
149827384, 2026.08, 1078.28
149989476, 2039.47, 1196.67
149989784, 6415.53, 3738.73
149860375, 6268.53, 3787.54
375932923, 6805.87, 3690.78
8293291746, 6292.88, 3389.47
149860363, 6265.75, 3389.47
149990316, 6720.02, 3389.33
149924544, 1890.9, 843.78
149827390, 1919.35, 1090.05
149992494, 1931.49, 1208.21
8293291747, 6251.96, 3528.95
2512209817, 6267.84, 3529.26
6622945799, 6221.24, 3528.55
7173960345, 2484.43, 3278.15
149682589, 1781.02, 3349.65
150000132, 1602.72, 3368.22
6043413613, 6203.82, 3262.3
150004444, 6055.43, 3260.82
149860360, 6261.13, 3262.87
150007822, 5046.99, 3453.94
149539175, 5046.56, 3553.44
8548176168, 5046.3, 3614.72
8548176171, 5046.22, 3633.76
150007823, 5046.14, 3652.16
149623657, 5044.64, 3950.92
150007820, 5047.8, 3262.36
1437615769, 6263.65, 2377.41
8295613077, 6413.48, 2460.23
149860337, 6263.62, 2459.4
8295613082, 6450.95, 2460.44
8295613085, 6477.65, 2460.59
6924203556, 6575.76, 2461.13
6924203571, 6625.49, 2461.0
1437616120, 6730.97, 2461.99
149924553, 2214.55, 809.96
149827379, 2239.43, 1055.2
150010600, 2254.98, 1162.92
150010951, 4873.68, 2227.77
7187042204, 4978.38, 2228.43
150010952, 4824.32, 2227.46
150010954, 4507.53, 2226.38
150010955, 4056.81, 2226.1
8648106567, 4035.34, 2224.88
8548128430, 5495.35, 2231.67
150010941, 5371.86, 2230.89
150010944, 5204.21, 2229.84
150010946, 5038.04, 2228.8
6924104361, 5018.77, 2228.68
150010948, 4997.29, 2228.54
149901817, 3890.88, 2275.34
149862084, 3781.73, 3086.41
150014316, 3782.0, 3159.98
149597324, 3781.68, 3517.87
150014320, 3781.52, 3698.04
149539129, 3780.76, 3858.26
150014318, 3781.86, 3428.35
8647050551, 6280.93, 1765.74
149860322, 6265.35, 1765.78
150017508, 6362.84, 1765.54
150017509, 6390.38, 1766.44
7155468533, 6517.89, 1766.48
7155468547, 6608.38, 1766.63
8293344739, 6639.48, 1766.67
150017512, 6981.61, 1770.92
149860324, 6265.23, 1810.65
6985508691, 2448.73, 1176.4
1623983712, 2462.5, 1180.55
1623983735, 2222.45, 1185.07
8293239639, 3098.18, 2642.39
5748257821, 1961.0, 2764.39
8189642456, 1845.64, 2778.35
149682490, 1813.05, 2782.3
150019037, 1542.62, 2809.15
150019044, 689.56, 2897.53
149620589, 0.0, 2932.2
8293239647, 3076.15, 2644.89
8293239646, 3061.33, 2646.57
150019030, 3038.84, 2649.12
375932612, 6231.97, 3423.79
149860365, 6267.02, 3423.81
6043413616, 6211.9, 3424.26
6043413606, 6188.26, 3423.99
1754696226, 6151.62, 3423.56
6649508100, 5782.43, 3420.98
150037810, 6173.39, 3694.94
149637184, 4508.81, 1170.54
150041972, 4509.18, 1694.13
150041976, 4507.78, 2120.13
149751299, 4505.69, 2547.05
149942176, 4508.61, 1380.53
8358683160, 4505.34, 2926.56
149862066, 4505.74, 3089.32
150015585, 4507.66, 1587.2
149862064, 4535.12, 3089.44
150041990, 4534.03, 3438.69
149615395, 4264.44, 1085.54
149924599, 4213.63, 593.71
7769038480, 6391.01, 1701.72
150046829, 6391.61, 1641.12
8528905819, 5207.72, 1173.69
8647263912, 5205.6, 1742.76
150047142, 5205.72, 1697.77
1754696203, 5204.96, 1963.75
1754696189, 5204.65, 2072.44
150047145, 5204.51, 2124.3
149942165, 5206.6, 1384.43
8548128429, 5204.3, 2195.45
149802943, 5203.04, 2642.15
1155543466, 5206.04, 1586.83
150015574, 5206.0, 1596.85
8552822280, 5205.88, 1642.62
7759545236, 6298.87, 1641.89
149860318, 6265.66, 1642.17
8186257596, 6358.11, 1641.2
6923984597, 6595.86, 1642.05
8292753661, 6094.35, 1703.17
149860320, 6265.51, 1703.62
8292928423, 6150.04, 1014.13
149536492, 6159.12, 0.0
8292928418, 6149.64, 1120.34
150057023, 3602.17, 1742.29
149637168, 5041.5, 1173.15
149942168, 5041.02, 1382.64
1754696154, 5038.97, 1964.6
1754696118, 5038.59, 2071.73
150064677, 5038.41, 2122.93
6022940775, 5039.9, 1536.01
150015576, 5038.68, 1590.04
150064672, 5039.92, 1696.9
6021403451, 6371.34, 2658.2
149860347, 6263.12, 2657.63
6021403443, 6455.35, 2658.65
7768479960, 6472.59, 2658.74
6640301008, 6594.33, 2659.4
8293337539, 6601.51, 2659.43
6640301027, 6632.97, 2659.6
6640301032, 6668.22, 2659.79
6640301025, 6677.65, 2659.84
150065905, 6730.8, 2660.12
1437668063, 6960.22, 2661.46
149802953, 4872.09, 2640.45
8186151827, 4873.75, 2461.29
9335189632, 4814.92, 1167.27
149745235, 4797.7, 864.52
149637178, 4814.89, 1172.1
149637175, 4872.75, 1172.24
149942174, 4875.05, 1380.87
8431607050, 4891.56, 1937.63
150066772, 4897.1, 2079.89
150015582, 4873.02, 1588.8
150066747, 4873.9, 1696.03
149802950, 4877.03, 2640.47
149981572, 3446.24, 3697.76
8185879391, 2454.82, 3537.24
149912737, 2390.65, 3485.71
150070064, 2497.17, 3566.25
3633534004, 5480.28, 3655.45
150070074, 5321.3, 3654.0
150066792, 4874.34, 3650.54
7769235688, 4803.97, 3650.57
8654224851, 4736.69, 3656.47
149925999, 4702.26, 3662.58
149924595, 4156.07, 599.55
149615413, 4055.26, 1107.83
150071248, 4790.45, 2143.6
6673860832, 6727.77, 2125.15
6673860820, 6727.77, 2137.81
8171524962, 6723.69, 3120.96
8548709406, 6723.22, 3154.93
8548709411, 6722.63, 3198.68
6609000190, 6721.04, 3314.19
8177946816, 6718.69, 3535.41
8293337586, 6730.27, 2723.34
149860307, 6266.67, 1239.5
8293132812, 6596.01, 3123.72
5081068305, 3778.09, 1725.2
1271333657, 2209.86, 1895.99
149909917, 2198.85, 1896.97
1271333663, 2122.65, 1905.41
149831262, 1392.64, 1987.8
6673725483, 5860.49, 1701.7
6673725473, 5815.64, 1700.98
6673725471, 5760.19, 1700.68
6673725469, 5740.9, 1700.58
150076906, 5373.57, 1698.65
149910118, 3170.54, 1801.48
150076913, 2952.59, 1825.5
150076917, 2573.94, 1864.63
150080165, 3863.71, 2093.29
149901825, 3919.76, 2093.3
150080169, 4058.13, 2118.47
7848462342, 6208.87, 3100.88
149860331, 6264.44, 2127.56
149860333, 6264.41, 2138.75
149637157, 5375.13, 1175.03
149942163, 5374.57, 1386.24
1754696123, 5372.71, 1964.99
6989435773, 5372.44, 2049.3
6989435783, 5372.4, 2061.29
1754696161, 5372.36, 2073.15
150080163, 5372.2, 2125.69
6989435782, 5372.19, 2128.43
6989435780, 5372.04, 2176.22
150082300, 5371.31, 2401.69
149802938, 5370.53, 2643.01
1155543478, 5373.93, 1587.8
150015571, 5373.9, 1597.41
8552493789, 5323.07, 3112.76
149623651, 5318.48, 3951.61
150082320, 5323.07, 3264.42
150082323, 5322.44, 3456.11
149539173, 5321.53, 3555.16
149962423, 5534.25, 3458.64
150066790, 4874.87, 3452.54
149925994, 4701.99, 3441.81
8548126460, 5934.18, 1060.77
3712917565, 5614.64, 1059.98
1449171755, 5632.37, 1060.02
3712917558, 5596.35, 1059.93
3712917556, 5578.8, 1059.88
3712917553, 5559.45, 1059.84
9335170279, 5548.79, 1059.82
8882806432, 5928.16, 1060.76
8882874478, 5919.53, 1060.76
1449171605, 5912.13, 1060.72
8548126453, 5777.37, 1060.38
921069579, 5768.66, 1060.36
3755145219, 2762.87, 1168.29
1623983699, 2757.75, 1120.64
7056505324, 2763.34, 1172.74
6985352127, 2764.74, 1185.8
1623983727, 2770.89, 1243.49
6984904841, 2774.91, 1280.91
3755145357, 2819.21, 1374.65
150093218, 3562.37, 1304.45
149893157, 3583.64, 1509.97
149927406, 6502.0, 946.64
8293424312, 6501.09, 1121.16
8295952528, 6489.57, 3151.26
5986613835, 6487.85, 3281.13
149864946, 3962.62, 3429.03
150097479, 4087.86, 3429.4
8187176246, 4629.99, 3438.94
150097485, 4168.99, 3438.28
149901800, 3890.26, 3429.13
149637742, 3278.93, 3427.82
7056505301, 2545.76, 1613.35
149893164, 2546.52, 1620.57
7056504536, 2558.97, 1736.29
150015607, 2560.23, 1747.99
7056504547, 2561.51, 1758.93
150102232, 3432.02, 1049.51
149910112, 3095.86, 1085.87
150102234, 2877.21, 1108.79
150102235, 2737.4, 1122.56
150102236, 2728.0, 1123.4
150102238, 2517.29, 1115.39
150102237, 2461.44, 1121.9
7056505350, 2151.57, 1185.58
7701702996, 2100.1, 1190.73
149876674, 1009.27, 1296.21
6622945791, 6332.6, 3727.05
149860372, 6268.83, 3732.09
150099579, 6374.49, 3696.73
8185804146, 6043.84, 3260.74
8185804137, 6017.83, 3260.55
6337600278, 5552.0, 3256.16
6984904836, 2893.26, 1268.53
149615444, 2889.55, 1231.01
6985144514, 2945.21, 1757.95
7011703091, 2968.65, 1978.97
7011703101, 2971.55, 2006.97
149720458, 2976.95, 2060.98
149893162, 2926.73, 1579.52
7056505309, 2927.61, 1587.54
150015604, 2939.78, 1708.11
149827376, 2454.13, 1033.24
149924555, 2429.19, 787.54
149597368, 2596.09, 3416.29
149539114, 2400.0, 3716.55
149578366, 2151.32, 4112.65
149615398, 4210.89, 1091.19
149860329, 6264.69, 2031.82
6162639969, 3831.43, 3159.93
149901807, 3889.34, 3159.87
8272796502, 2778.4, 3105.19
149637736, 3278.87, 3158.68
150121560, 2923.52, 3158.11
8297134928, 4054.53, 3159.59
150121578, 4032.85, 3159.47
11679464760, 6677.15, 1167.68
1449184763, 7248.47, 902.56
11679464761, 6653.79, 1167.3
7260093514, 6654.37, 1127.55
8552749369, 6674.01, 1055.24
7573200029, 6698.67, 1031.12
7573200037, 6714.04, 1017.71
8552749376, 6717.28, 1014.94
149800089, 6736.71, 996.92
8293302276, 4924.95, 1172.82
150023500, 4889.65, 1172.73
8548776172, 4420.13, 1169.35
9335170294, 4713.67, 1171.56
9335170295, 4699.23, 1171.48
8548776173, 4442.59, 1169.66
1754442460, 6264.83, 1971.98
1754696122, 6262.79, 2788.58
1754696119, 6262.52, 2894.63
1754696145, 6167.53, 3317.6
1754696239, 6153.45, 3343.61
8548256936, 5984.24, 3340.0
8548256934, 5942.81, 3339.13
1754696190, 4702.83, 2589.18
149802957, 4702.75, 2639.58
1754696152, 6263.09, 2666.48
11965875572, 5711.88, 2992.74
11965875579, 5724.62, 2992.79
1754696105, 6261.71, 2996.45
1754696233, 6263.37, 2558.83
1754696112, 4672.42, 2547.39
8178032849, 4189.86, 2546.21
1764517576, 4006.98, 1407.37
3639629230, 3983.39, 3340.74
149600427, 4072.82, 3340.03
7031059184, 6361.73, 2032.06
8178048985, 6551.78, 2032.55
6673860847, 6556.09, 2032.56
6673860841, 6649.95, 2032.78
1464208081, 7153.84, 2032.38
149522011, 3854.25, 2550.75
627613447, 3857.25, 1807.2
149720440, 3778.5, 1899.6
5081068590, 3770.59, 1908.1
6637735123, 6261.49, 3207.86
6637735141, 6261.3, 3237.8
8293291751, 6268.21, 3487.27
149860367, 6268.19, 3553.01
6043413618, 6261.44, 3279.38
6043413608, 6263.39, 3343.65
8293291728, 6263.82, 3353.39
8293291737, 6264.71, 3374.13
6043413614, 6264.8, 3376.31
1650212443, 6269.14, 3638.7
6660100770, 6268.93, 3669.28
6622945785, 6268.86, 3715.95
9335207384, 6263.12, 4725.34
149922691, 6035.07, 1234.42
9335170282, 5528.73, 1175.18
8179661891, 5455.84, 1175.09
7304929047, 5338.15, 1175.08
7304929048, 5319.65, 1175.11
8528905820, 5299.31, 1174.96
2512209845, 6237.63, 3596.09
6622945798, 6322.75, 3643.71
2512209868, 6299.46, 3619.84
149964121, 3815.18, 1611.76
149755146, 3935.7, 1599.32
8548216102, 3786.14, 1614.9
8548216109, 3748.43, 1618.96
7012433059, 3704.21, 1623.73
8548176282, 4702.04, 3019.95
8548176273, 4702.01, 3034.85
8187176243, 4701.65, 3227.48
8187176237, 4701.6, 3254.72
149925990, 4701.59, 3259.79
8187176251, 4701.34, 3517.34
149539184, 4701.05, 3550.86
8295885407, 4701.3, 3573.94
8548176153, 4701.53, 3595.14
8548176288, 4701.97, 3053.62
149623672, 4700.07, 3946.35
8293937099, 4701.95, 3064.64
149862059, 4701.91, 3088.39
6032147014, 4701.86, 3114.9
6032147008, 4701.82, 3142.14
6032147025, 4701.78, 3161.02
1754696093, 4703.01, 2514.67
7056504546, 2699.54, 1733.36
7056504537, 2568.73, 1747.09
7056504528, 2549.51, 1749.12
5425406898, 2283.88, 1777.02
5974830105, 2352.21, 3531.12
2519155702, 2367.67, 3513.49
9918533867, 2305.39, 3585.05
149615441, 3434.04, 1173.4
149615438, 3493.52, 1166.97
8647078296, 3166.18, 1202.25
8647078298, 3152.2, 1203.79
149615443, 3108.67, 1208.54
149682600, 1751.43, 3403.49
149682602, 1749.35, 3414.34
149682612, 1754.8, 3459.13
149682620, 1854.58, 3602.02
149682623, 1860.55, 3613.34
149682584, 1851.28, 3237.13
149682587, 1849.61, 3243.22
149682591, 1769.02, 3367.89
149682594, 1764.92, 3374.74
149682598, 1756.81, 3390.99
149682510, 2000.05, 2889.47
149682532, 2020.39, 3016.2
149682529, 2026.54, 3005.37
149682534, 2009.17, 3032.44
149682540, 1994.57, 3048.45
149682546, 1976.01, 3056.91
149682547, 1963.79, 3057.53
149682549, 1945.57, 3054.57
149682551, 1938.3, 3054.1
149682553, 1930.51, 3054.42
149682512, 2011.43, 2897.58
149682556, 1923.75, 3055.37
149682559, 1916.77, 3057.12
149682562, 1909.87, 3059.64
149682565, 1903.86, 3062.57
149682569, 1896.56, 3066.68
149682572, 1885.86, 3075.16
149682574, 1872.02, 3094.17
149682576, 1868.3, 3101.58
5748257758, 1866.81, 3106.47
149682515, 2022.36, 2910.17
149682517, 2027.65, 2921.71
149682522, 2033.56, 2971.16
149682527, 2029.84, 2995.04
149910104, 3058.05, 723.54
8654224864, 4769.01, 3678.47
149515512, 4768.05, 3948.34
3263279486, 2923.52, 3150.92
3263279444, 2906.45, 3099.49
3263279445, 2923.65, 3099.59
6660615541, 4064.92, 1106.79
1272657715, 4038.08, 1109.51
149615418, 4025.81, 1110.71
627613511, 4014.61, 1111.95
9335207335, 6261.43, 3092.51
1452159906, 6265.78, 1593.8
1452159836, 6265.76, 1602.12
7759545234, 6265.51, 1700.35
8548172213, 6264.84, 1970.31
6673860815, 6263.98, 2313.44
9335207324, 6262.42, 2938.51
6043336357, 6265.99, 1505.0
10911498244, 5620.35, 1175.27
3712917559, 5586.2, 1175.23
9335170283, 5548.86, 1175.19
8647263910, 5190.49, 1697.7
150076910, 4028.39, 1691.65
150023483, 4942.53, 1696.39
7888592863, 4615.07, 1694.68
8647680433, 4578.32, 1694.49
8647680430, 4559.53, 1694.4
8548192428, 4550.96, 1694.35
6985144502, 3121.15, 1688.77
6985144510, 2970.55, 1704.83
3629467363, 2947.11, 2929.77
3629372184, 2948.06, 2933.33
3629468306, 2948.9, 3048.15
3629467372, 2949.05, 2945.24
3629467373, 2949.66, 2952.54
3629467377, 2951.23, 2971.29
3629467382, 2951.97, 2990.1
3629467384, 2951.6, 3006.7
3629467389, 2951.35, 3017.96
3629468294, 2951.13, 3027.78
3629468304, 2898.77, 3047.05
3629468305, 2852.0, 3046.99
3629468303, 2929.68, 3047.09
3629468308, 2968.1, 3050.37
3629468316, 3051.84, 3065.59
3629468295, 2844.45, 3027.69
3629467388, 2842.66, 3017.2
3629467383, 2851.31, 3006.05
3629467381, 2866.32, 2989.52
3629467378, 2882.96, 2971.2
3629467374, 2900.73, 2952.38
3629467361, 2983.57, 2929.73
3629467355, 2983.36, 2881.53
3629468319, 2899.27, 3068.24
3629467360, 3001.96, 2929.71
3629467359, 3005.93, 2929.71
3629467362, 2964.96, 2929.75
3629468320, 2891.02, 3068.27
150093229, 3532.56, 1038.34
6985060890, 3537.25, 1077.12
6985039784, 3538.87, 1091.44
6985039763, 3545.6, 1150.41
149615429, 3546.77, 1161.23
149964116, 3747.78, 977.29
5081068473, 3808.8, 1550.96
149615427, 3765.65, 1138.42
5081068435, 3800.37, 1470.62
149827372, 2696.28, 1008.52
149827413, 1159.8, 1165.61
149893156, 3698.31, 1498.03
7056505302, 2705.16, 1603.59
7056505299, 2557.24, 1619.28
7056505298, 2553.25, 1619.78
7056489151, 2534.78, 1621.99
7056505293, 2330.96, 1643.86
7056489156, 2328.13, 1644.16
149893159, 3144.98, 1556.5
7056505317, 3136.09, 1557.52
7056505313, 2934.82, 1578.69
7056505290, 2875.71, 1584.97
7056489181, 2864.84, 1586.04
7056505305, 2729.44, 1600.98
3633534010, 5444.9, 3685.67
3633534009, 5445.02, 3673.38
3633534006, 5479.92, 3671.66
3633534011, 5515.53, 3686.26
149963021, 4148.76, 3465.73
3712917560, 5615.24, 1010.46
8528945659, 5559.45, 1064.59
9335170288, 5559.36, 1165.87
3712917562, 5579.14, 1010.7
9335170289, 5578.73, 1064.53
3712917555, 5577.7, 1134.66
9335170290, 5596.23, 1064.49
3712917566, 5594.22, 1134.6
3712917557, 5586.3, 1160.31
8528945669, 5586.25, 1168.1
3712917563, 5596.44, 1010.38
9335170291, 5614.62, 1064.45
8528945670, 5613.93, 1168.39
5425406494, 2136.18, 1454.62
3755114613, 2121.32, 1464.08
5425406492, 2137.77, 1453.65
3755115664, 2002.03, 1664.41
5425407203, 2077.86, 1513.4
3755115635, 2089.6, 1505.58
149519666, 2070.8, 1518.12
3755114614, 2117.68, 1466.64
3755115644, 2092.77, 1612.42
5425407172, 2078.33, 1615.69
921576165, 2053.85, 1621.3
3755145333, 2596.03, 1191.1
1623983732, 2595.69, 1210.37
3755145330, 2555.16, 1184.1
3755145336, 2541.94, 1200.55
5425406918, 2787.84, 1409.92
3755145365, 2784.3, 1413.89
5425407261, 2798.44, 1398.01
5081068251, 2740.27, 1154.69
499995871, 5480.06, 3263.58
150066786, 4875.38, 3260.96
9335207336, 6268.87, 3101.47
149720430, 3942.7, 1909.22
627613343, 3963.87, 1680.31
627613342, 3993.14, 1647.05
627613344, 3943.82, 1598.23
149901835, 3949.92, 1697.19
6371120455, 3922.96, 1729.21
149615425, 3971.24, 1116.78
627613496, 3984.14, 1115.39
149630581, 4352.83, 274.35
5081068542, 3687.47, 1700.86
5081068572, 3677.92, 1864.63
5081068537, 3687.02, 1668.5
5081068519, 3772.81, 1467.01
5081068438, 3543.99, 1202.2
5081068443, 3528.25, 1194.54
5081068447, 3519.83, 1195.46
5081068446, 3542.87, 1192.95
5081068471, 3769.86, 1673.51
5081068472, 3935.19, 1537.75
5081068480, 3541.64, 1182.42
5081068479, 3512.76, 1185.59
5081068533, 3686.86, 1636.48
5425407127, 2061.22, 1503.44
5748257814, 1866.68, 3029.43
5748257813, 1855.44, 3027.96
5748257817, 1884.16, 2927.0
5748257819, 1815.83, 2918.61
5748257818, 1898.62, 2928.78
5974828463, 2334.45, 3424.69
5974828459, 2407.08, 3394.26
5974830087, 2313.72, 3406.05
5974828469, 2220.81, 3386.37
5974830092, 2211.16, 3505.74
5974830104, 2000.51, 3577.08
5974830106, 2294.44, 3482.81
5986609879, 6496.83, 3280.56
5986613841, 6503.46, 3279.28
9699678263, 6596.7, 3195.6
9699678264, 6588.92, 3195.13
6021403444, 6455.12, 2669.29
6021403450, 6371.28, 2673.03
149830388, 6264.68, 946.1
8293424313, 6264.32, 1094.62
6024057569, 6264.62, 1120.01
8293424316, 6265.31, 1134.18
6024159051, 2025.53, 3635.11
6024159027, 2032.66, 3714.47
8553692086, 1985.73, 3639.53
6024159052, 1930.27, 3645.68
7260207113, 2216.5, 3617.01
6024159054, 2021.77, 3596.2
6032147018, 4681.36, 3088.51
6032147015, 4654.29, 3088.68
6032147024, 4684.69, 3161.49
6032147026, 4656.84, 3159.4
6043336353, 6306.6, 1481.32
6043336355, 6288.03, 1481.61
6043336361, 6349.81, 1548.19
6043413610, 6247.37, 3343.84
6043413617, 6211.04, 3387.17
6043413611, 6247.23, 3279.56
6043336365, 6349.78, 1540.11
6128558297, 4026.18, 2548.04
6128558296, 4026.18, 2556.52
6128558299, 4033.93, 2466.39
6130562939, 2216.04, 3557.61
6151818874, 3890.44, 3043.9
6162639975, 3831.85, 3147.78
6162639970, 3833.32, 3105.04
6162639971, 3854.04, 3105.61
6162639972, 3854.27, 3094.46
6162639973, 3854.1, 3139.05
6162639974, 3889.3, 3139.3
7229648937, 5552.11, 3199.09
7229648944, 5552.11, 3195.85
7229648942, 5552.12, 3192.11
7229648940, 5552.12, 3189.01
149910123, 3219.89, 2274.42
150010997, 3002.36, 2297.28
6371119832, 3946.61, 1865.74
1849595098, 2519.37, 1196.16
1623983731, 2525.33, 1197.51
1849595096, 2493.48, 1189.61
5425407251, 2761.59, 1242.94
6609000191, 6538.69, 3315.42
6609000194, 6461.38, 3441.73
6618877906, 5518.89, 2786.73
6622675238, 4579.93, 3031.37
8178032878, 4575.33, 3088.28
6622924253, 6173.13, 3704.47
6622945788, 6311.06, 3697.05
6649508089, 5661.38, 3592.6
9944289043, 5663.24, 3592.62
8548265806, 5616.67, 3591.76
8548176161, 4748.84, 3550.7
6649508087, 5584.66, 3591.14
8179557175, 5471.43, 3558.16
149539180, 4874.6, 3551.82
6637735138, 6316.29, 3133.93
6637735128, 6334.73, 3134.15
6637735130, 6334.98, 3150.23
6637735132, 6356.22, 3186.2
6637735135, 6334.9, 3117.25
6637735153, 6310.63, 3497.78
6637735154, 6310.67, 3524.35
6637735156, 6295.71, 3516.06
6637735158, 6319.41, 3525.59
6640301013, 6583.78, 2718.21
6649320400, 2127.71, 3687.82
6649290783, 2060.52, 3694.83
6649320403, 2171.38, 3690.5
6649489583, 5534.19, 3489.46
6649508085, 5561.45, 3540.97
6649508088, 5537.31, 3541.53
6649508093, 5611.24, 3498.88
6649508097, 5690.86, 3516.81
6649508109, 5735.56, 3569.62
6649508101, 5779.96, 3445.96
7060479274, 5780.49, 3571.84
6649508108, 5780.5, 3569.17
7229648973, 5780.38, 3553.14
7060479272, 5780.36, 3550.89
7229648981, 5780.32, 3545.9
7229648983, 5780.29, 3542.02
7060479271, 5780.23, 3533.81
7060479269, 5780.1, 3516.99
7060479268, 5779.96, 3499.91
7060479266, 5779.8, 3479.98
6649508106, 5779.67, 3463.06
7060479267, 5680.22, 3499.27
7060479265, 5668.76, 3480.39
6649508104, 5658.84, 3464.04
7229648984, 5718.63, 3446.18
8427751706, 5697.08, 3446.26
6649508103, 5648.8, 3446.45
6665354521, 6549.1, 3528.24
6665354524, 6362.27, 3566.06
6665430098, 4861.71, 3075.01
6665430096, 4846.21, 3090.65
6669546088, 5988.69, 2421.98
8295688799, 4051.97, 1530.86
8178006106, 5672.88, 1753.63
6673725468, 5672.97, 1743.88
6673725470, 5741.21, 1660.69
6673725472, 5760.78, 1660.64
6673725475, 5817.45, 1638.25
6673725480, 5818.06, 1617.19
6673725474, 5818.56, 1600.04
6673725484, 5860.7, 1656.3
6673860810, 6378.25, 2279.47
6673860819, 6377.96, 2286.24
6673860811, 6377.07, 2306.49
6673860812, 6412.06, 2279.54
6673860816, 6314.49, 2308.54
6673860827, 6556.31, 2115.77
6673860826, 6556.24, 2132.61
6673860837, 6469.16, 2080.65
6673860846, 6555.29, 2069.47
6683218650, 6239.5, 1378.42
6683218657, 6057.47, 1431.6
8646925425, 4801.78, 3089.94
8646913715, 4767.02, 3089.4
8358683185, 4564.03, 3088.61
149862074, 4128.12, 3088.57
8297134929, 4051.07, 3086.97
8548176274, 4751.21, 3089.16
1134695710, 4047.32, 3086.88
8293937089, 4679.14, 3088.52
8293937086, 4663.46, 3088.62
7904596440, 4642.57, 3088.76
8548176162, 4874.41, 3623.76
6909349535, 6072.93, 1375.86
6915834617, 1797.64, 2852.72
6915834609, 1831.51, 2824.06
6915915189, 5291.27, 1147.98
6915898378, 5209.3, 1148.43
6990494586, 5208.33, 1161.7
6915898382, 5292.39, 1108.71
6915898383, 5292.69, 1074.31
6915915188, 5227.36, 1050.35
6923984598, 6595.56, 1691.43
6924104369, 5020.88, 2318.62
6924203560, 6552.3, 2403.0
8295613089, 6473.6, 2381.11
6924203562, 6453.04, 2377.79
6924203567, 6442.11, 2348.49
6924203566, 6449.75, 2262.33
6924203570, 6430.25, 2321.89
6947457137, 6072.93, 1352.89
6947457138, 6072.91, 1343.92
6984904837, 2877.52, 1270.03
6984904840, 2788.66, 1279.53
6985144511, 2972.23, 1722.99
6985144513, 2958.19, 1756.52
6985352132, 2801.49, 1240.27
8647078287, 3113.37, 1253.65
7056505315, 3145.85, 1564.78
7011692084, 3193.35, 2020.02
8189374981, 3126.62, 1380.63
8189374974, 3128.64, 1399.93
8294002037, 2868.37, 1233.24
8294002034, 2828.89, 1237.39
6989435784, 5390.84, 2061.56
6989435781, 5390.41, 2128.57
7011703086, 3143.63, 2024.99
11148761806, 3065.13, 2051.85
11148761805, 3145.58, 2043.34
7011741806, 2219.31, 2241.97
5081068532, 3690.59, 1613.85
7031092490, 6346.46, 2082.33
3755122666, 1749.87, 1833.42
5425406887, 2265.16, 1779.0
1623983702, 2270.26, 1778.47
1271333640, 2264.08, 1779.11
5425406889, 2228.06, 1782.9
149909915, 2251.79, 1780.4
5425406897, 2272.84, 1771.07
7082064351, 5478.77, 1597.76
7082064361, 5683.08, 1644.51
7082064352, 5659.36, 1598.68
7087377998, 4977.32, 1371.7
7087377988, 4977.54, 1381.97
7087377999, 4992.36, 1371.72
7087377997, 4992.45, 1382.13
7155468546, 6607.75, 1835.12
7155468524, 6608.21, 1784.74
7155468545, 6536.33, 1835.35
7155468534, 6518.16, 1835.42
7155468535, 6498.99, 1835.48
7155468539, 6517.94, 1780.6
7173960346, 2485.31, 3296.07
8272813920, 2474.09, 3304.13
8272813919, 2503.67, 3330.06
7173960361, 2510.24, 3317.64
149597371, 2509.87, 3350.68
8178541844, 2483.05, 3381.02
7742328560, 2435.74, 3434.59
8185879386, 2375.41, 3504.13
7186672486, 6315.35, 1398.91
7186672485, 6352.95, 1398.84
7187042208, 4933.82, 2138.29
7192249118, 5326.72, 3040.82
7210395848, 6009.67, 1497.59
7210395861, 6057.05, 1533.37
7210395856, 5981.68, 1531.64
7221713104, 5999.02, 1296.47
7221713116, 5994.37, 1429.89
7229648936, 5600.08, 3193.73
7229648938, 5589.49, 3193.69
7229648947, 5588.5, 3183.08
7249291953, 2973.13, 2862.99
7249291958, 3007.15, 2841.98
7249291956, 2990.59, 2841.67
7249986426, 4736.63, 2639.76
7260093515, 6612.2, 1128.16
7260093521, 6605.19, 1118.19
7260093522, 6592.61, 1120.71
10852890921, 6590.2, 1072.71
7260207112, 2212.23, 3575.57
7290763354, 5480.63, 3060.48
7301163332, 5856.67, 1262.14
7301163330, 5856.75, 1242.42
7301163326, 5856.88, 1214.07
7301163328, 5856.95, 1196.59
7301163325, 5857.04, 1177.18
7304929043, 5319.62, 1221.05
8293239651, 3035.91, 2621.89
6649508099, 5736.86, 3516.91
7060479273, 5736.01, 3551.46
7573200054, 6619.62, 1219.82
7575626192, 3895.46, 2228.49
7575626191, 3866.22, 2228.18
7575626197, 3605.41, 2188.13
7575626195, 3594.97, 2217.81
7701702995, 2095.57, 1145.59
7759545235, 6299.31, 1699.94
7768479963, 6473.29, 2709.25
7769235687, 4872.51, 3708.9
7769235690, 4804.21, 3708.21
7848462346, 6214.63, 3145.81
7848462350, 6227.09, 3145.39
7848462347, 6251.53, 3144.57
7896279324, 2716.91, 3258.03
7896279326, 2667.06, 3215.1
8548176268, 4642.73, 3050.92
7904596433, 4624.28, 3037.96
7908095644, 6430.91, 2377.13
7908095659, 6436.68, 2385.39
8295613088, 6400.31, 2377.18
8178006107, 5663.48, 1590.08
8178006109, 5704.32, 1590.26
8178011418, 5879.61, 1307.97
8178006113, 5825.45, 1327.33
8178011419, 5825.75, 1307.88
8178011428, 5825.63, 1315.27
8178011422, 5824.94, 1370.96
8178011421, 5824.92, 1379.18
8178011427, 5801.46, 1315.44
8178011433, 5742.32, 1369.41
8178011436, 5758.68, 1368.31
8178048966, 6649.9, 2011.32
8178048967, 6649.84, 1991.89
8178048986, 6551.95, 2012.63
8178048987, 6552.36, 1991.93
8178474405, 2992.31, 2718.89
8178541835, 2425.26, 3387.95
8178541846, 2529.28, 3367.0
149597370, 2544.56, 3379.85
8178541848, 2550.02, 3383.71
8179557176, 5475.04, 3546.57
8179557194, 5508.12, 3524.18
8179557187, 5508.03, 3522.17
8179557196, 5508.27, 3529.16
8179557199, 5511.85, 3141.5
8179557205, 5457.96, 3123.11
8179661889, 5408.08, 1145.55
8179661898, 5446.0, 1257.63
8185879390, 2423.08, 3534.4
8185879397, 2406.44, 3595.78
8186474113, 4033.27, 2774.99
8187176242, 4653.64, 3226.41
8272796515, 2667.88, 3118.6
8189154055, 2704.08, 3095.2
8189642455, 1839.04, 2722.93
8190287105, 5577.79, 2086.61
8272698092, 6044.06, 1131.13
8272698094, 6098.97, 1168.56
8272698097, 6087.17, 1130.92
8272698096, 6087.2, 1147.13
8272796508, 2787.83, 3095.0
8272796503, 2807.19, 3074.11
8272796504, 2820.93, 3078.98
8272796506, 2828.78, 3092.9
8289779154, 5473.52, 1366.86
8289779151, 5468.0, 1387.25
8292753663, 6057.04, 1535.42
6909349534, 6057.62, 1377.76
10673476339, 6056.94, 1570.47
8292928422, 6234.32, 1114.77
8293197374, 5496.7, 1589.09
8293211740, 5555.02, 3140.02
8293211737, 5611.8, 3114.15
8293234223, 5833.4, 3572.58
8293234225, 5870.05, 3568.87
8293234228, 5869.55, 3511.82
8293239630, 3196.96, 2601.24
8293239633, 3204.76, 2591.24
8293239642, 3095.95, 2616.46
8293239649, 3074.54, 2618.32
8293239644, 3061.99, 2623.01
8293291745, 6292.9, 3407.18
8293291744, 6316.62, 3407.12
8293302278, 4925.76, 1205.34
8293337560, 6608.41, 2691.97
8293337559, 6607.71, 2804.56
8293344742, 6633.81, 1720.91
8293424315, 6315.2, 1095.64
8293502355, 2764.92, 3047.16
8293937088, 4679.24, 3075.25
8295613078, 6413.74, 2443.2
8295613080, 6451.59, 2440.32
8295613094, 6478.48, 2441.45
8295613084, 6477.78, 2454.85
8295885412, 4675.46, 3572.15
8295885414, 4648.46, 3546.83
8295885416, 4643.54, 3611.37
8295905216, 4061.82, 2855.58
8427751710, 5672.13, 3336.76
8427754717, 5591.33, 3342.43
8428586858, 5519.92, 2968.06
8431607054, 4840.39, 1932.98
8435117055, 2371.8, 3638.76
8435117053, 2387.12, 3647.5
8435117059, 2359.34, 3628.48
8548126455, 5779.29, 1036.03
8882806429, 5934.11, 1067.11
8548126461, 5933.44, 1125.63
8548172214, 6327.26, 1970.97
8548176163, 4885.42, 3623.81
8548161142, 5480.05, 1588.92
8548161147, 5468.19, 1588.79
8548192431, 4548.11, 1739.88
8548176275, 4750.89, 3069.71
8548176289, 4723.78, 3054.44
8548176281, 4722.73, 3020.99
8548234594, 6341.76, 3332.0
8548231811, 3870.41, 2864.99
8548256935, 5942.81, 3316.46
8548256937, 5984.83, 3315.96
8548265813, 5676.03, 3616.51
8548776174, 4442.15, 1183.42
8548776178, 4435.03, 1216.33
8552493788, 5436.27, 3068.08
8552493792, 5367.78, 3113.12
8552822275, 5241.56, 1596.97
8646952621, 6277.23, 3658.78
8646952620, 6288.33, 3633.89
8646952625, 6290.24, 3623.46
8646945215, 6296.12, 3617.45
8646952617, 6277.71, 3632.1
8646945216, 6271.45, 3627.86
8647078288, 3121.74, 1252.83
8647078297, 3158.23, 1256.3
8647680435, 4578.34, 1715.01
8647680434, 4559.47, 1713.34
8648106563, 3985.75, 2185.57
149902666, 3983.86, 2223.66
8654224852, 4735.76, 3671.07
8654224863, 4741.25, 3678.65
8654224856, 4719.06, 3692.41
8654224859, 4715.21, 3716.12
9335170315, 4511.72, 1040.91
149745211, 4592.81, 948.42
8775256604, 6276.82, 3057.4
8794052401, 2420.79, 3385.26
5974828455, 2427.85, 3400.0
150008704, 2851.02, 873.26
1278964937, 4035.08, 1852.46
149539072, 3444.72, 3878.14
149597330, 3278.76, 3517.8
8882806425, 5835.53, 1131.48
8882806420, 5851.41, 1131.32
8882806427, 5840.16, 1079.34
8882806440, 5912.41, 1021.2
149734821, 5912.93, 944.92
8882874480, 5928.24, 1053.75
8882806434, 5928.39, 1040.15
8882874476, 5919.83, 1021.42
8882806435, 5980.56, 1040.44
8899540523, 5683.67, 2795.92
8899540526, 5662.21, 2796.59
1134695589, 3792.22, 3086.43
1134695646, 3859.29, 3519.24
150023461, 5118.38, 2641.71
150023485, 4931.9, 1589.04
6985060930, 4055.07, 1587.78
150023494, 4910.75, 1381.25
8289779158, 5517.8, 1387.78
150023448, 5525.02, 3301.05
1675480044, 5055.85, 2510.74
8528945656, 5548.81, 1053.5
8528945662, 5548.76, 1065.71
8528945665, 5548.76, 1167.75
8528945628, 5529.07, 1167.48
8528945658, 5573.82, 1064.55
9148386415, 5562.94, 1064.58
9335170299, 4046.09, 1597.09
9335170310, 4488.23, 1054.24
9335170311, 4507.66, 1058.07
8528896725, 5096.95, 1030.53
8528896730, 5097.3, 1022.38
8528896724, 5096.77, 1099.14
8528971588, 5097.35, 1108.71
9335184614, 6271.07, 3569.58
9335207321, 6297.6, 3594.0
9335207322, 6297.48, 3607.65
9335207319, 6301.36, 3581.46
9335184590, 6274.48, 3570.32
9335184616, 6261.64, 3568.36
9335207317, 6253.35, 3589.28
9335207323, 6285.68, 3615.03
9335184606, 6276.37, 3618.48
9335184604, 6273.7, 3617.32
9335184605, 6268.89, 3615.2
9335184610, 6266.25, 3614.04
9335207318, 6253.3, 3602.67
9335184613, 6265.59, 3568.67
9335184612, 6253.31, 3599.04
9335184611, 6253.34, 3592.69
9335184588, 6299.11, 3590.97
9335184589, 6301.14, 3585.06
9335184603, 6289.85, 3612.43
9335184602, 6295.16, 3609.1
9335207339, 6269.07, 3092.68
9335207340, 6254.0, 3092.36
9335207341, 6268.69, 3109.88
9335207346, 6268.81, 3192.03
150078440, 4160.89, 3489.09
150078455, 4070.51, 2389.73
149522789, 4067.24, 2354.42
150078439, 4162.48, 3509.32
150023405, 6420.72, 5065.72
9944289047, 5705.7, 3596.84
150023443, 5701.0, 3588.97
150023446, 5545.89, 3336.3
374991530, 4043.85, 804.07
374991561, 3978.46, 1300.73
149455382, 3947.51, 1353.57
149497024, 3962.18, 1230.23
6371120460, 3951.72, 1763.6
149491894, 3937.82, 3098.11
627613275, 3937.92, 3131.08
627613341, 3982.93, 2076.82
149489968, 3980.69, 2090.73
627613250, 3831.25, 3768.41
627613271, 3867.78, 3650.38
1134695701, 3885.53, 3540.92
1134695683, 3888.69, 3496.21
9676293784, 3888.7, 3228.09
9676293785, 3889.24, 3171.53
1919765579, 3889.27, 3127.46
3629640367, 3889.2, 3109.41
149862081, 3888.73, 3096.01
149504867, 3889.09, 3081.09
3629640363, 3877.38, 3081.33
149901809, 3890.72, 3037.52
149496665, 3891.71, 2940.16
9676293786, 3890.87, 2699.26
149530140, 3891.75, 2579.39
149751343, 3891.21, 2557.21
2501076519, 3867.17, 2555.89
2501076516, 3891.37, 2545.52
149522010, 3866.66, 2545.6
149522003, 3891.84, 2510.8
149901816, 3891.79, 2500.38
9676293787, 3891.83, 2479.44
627613266, 3958.42, 3585.18
149864953, 3945.96, 3698.61
627613281, 3960.78, 3458.15
149902650, 4010.8, 1841.46
149489979, 3963.44, 2410.56
149466659, 3962.22, 2512.79
2501076513, 3963.09, 2545.46
149751334, 3963.19, 2557.95
149496716, 3962.38, 2873.86
9679520593, 3962.19, 3003.64
627613280, 3962.19, 3036.18
3629640361, 3962.23, 3066.92
149518590, 3962.25, 3080.84
149862079, 3962.15, 3094.92
3629640362, 3949.47, 3080.89
149751329, 3984.82, 2558.32
10197192809, 3963.97, 2246.83
149489977, 3961.99, 2267.99
10559165530, 2253.88, 3689.16
10559165526, 2265.83, 3730.42
10559165529, 2273.59, 3704.64
10911498245, 5620.08, 1221.08
10673476341, 5996.15, 1591.91
10772669475, 5918.97, 1379.1
10772669476, 5913.81, 1378.82
8882874483, 5979.91, 1053.61
10962969544, 5565.17, 3189.03
10962969543, 5574.43, 3189.07
10962969542, 5563.96, 3192.17
10962969541, 5573.1, 3192.31
10962969540, 5562.57, 3195.8
10962969539, 5571.61, 3195.94
10962969538, 5561.35, 3198.94
10962969537, 5570.38, 3198.94
11345129924, 5396.27, 1025.77
11345144182, 5396.84, 1035.14
11345129898, 5443.94, 1038.29
11345129910, 5438.11, 1038.24
11345129939, 5414.68, 1036.65
11345144192, 5426.63, 1037.64
11679464750, 6646.02, 1186.87
11679464751, 6645.34, 1171.99
11679464752, 6648.1, 1191.02
11679464753, 6662.13, 1191.47
11679464754, 6678.83, 1171.77
11679464755, 6674.27, 1161.08
11679464756, 6679.11, 1176.8
11679464757, 6677.12, 1189.74
11679464758, 6646.21, 1169.83
11679464759, 6661.1, 1164.85
11965872037, 5574.7, 3047.05
11965872038, 5711.76, 3047.85
11965872039, 5712.84, 3088.41
11965872061, 5711.76, 3045.33
11965872046, 5714.03, 3047.86
11965872049, 5723.78, 3048.07
11965872050, 5726.33, 3045.31
11965872051, 5726.48, 3036.89
11965872044, 5726.24, 3048.08
11965875592, 5889.02, 3049.15
11965872052, 5891.25, 3049.09
11965872058, 5724.03, 3034.64
11965875575, 5724.4, 3034.65
11965872047, 5726.51, 3034.67
11965872057, 5889.27, 3035.78
11965875585, 5891.39, 3035.7
11965872059, 5713.98, 3034.52
11965872062, 5724.17, 3069.29
11965872065, 5711.61, 3036.9
11965875574, 5711.65, 3034.5
11965875571, 5711.83, 2945.69
11965875573, 5574.85, 3033.53
11965875578, 5726.66, 2945.53
11965875581, 5904.27, 3049.26
11965875582, 5907.37, 3046.42
11965875584, 5907.45, 3038.86
11965875587, 5904.67, 3035.81
11965875589, 5889.09, 3046.63
11965875591, 5889.32, 3038.34
11965875594, 5907.39, 3049.28
11965875593, 6254.22, 3051.68
11965875596, 5907.43, 3035.84
11965875595, 6253.58, 3038.06
921069580, 5632.99, 1028.11
937261189, 5753.99, 1020.75
937261170, 5787.96, 1119.64
937261166, 5787.31, 1133.47
627614127, 4240.56, 310.92
8882874479, 5919.55, 1053.63
12294350362, 5919.81, 1067.77
12294350363, 5904.62, 1068.42
7056505318, 3136.95, 1565.73
12301813827, 3151.69, 1563.95
7056505320, 3135.15, 1550.25
374991600, 3980.45, 2007.21
150030307, 3938.98, 2438.42
149486121, 3914.47, 2434.11
627613285, 3912.68, 2325.22
339702085, 2085.1, 1727.02
339702094, 2061.25, 1713.01
1614193546, 2144.6, 1770.04
149455394, 3930.09, 1672.4
627613337, 3986.86, 2545.64
374999620, 3970.29, 1269.19
627613482, 4028.17, 709.56
627613340, 3910.46, 2136.31
3639629224, 3943.86, 3130.85
627613277, 3914.35, 2677.67
375085190, 3954.69, 2510.42
149901978, 4010.76, 851.58
149901839, 3935.81, 1450.04
149522784, 4057.7, 2238.2
627613270, 3838.33, 3901.34
6915834608, 1836.39, 2814.55
149480054, 3962.44, 3138.9
3639629226, 3962.14, 3326.95
149600430, 3962.0, 3356.85
9335189636, 5550.51, 1598.01
1272657734, 4141.41, 600.89
150077967, 4063.65, 4412.42
2512209847, 6289.17, 3598.92
2512209856, 6269.75, 3604.59
336015780, 6267.06, 3602.33
2512209853, 6265.74, 3600.45
2512209860, 6279.91, 3606.42
2512209834, 6264.18, 3589.22
2512209832, 6265.68, 3586.05
2512209823, 6277.67, 3579.89
2512209829, 6287.02, 3584.27
2512209846, 6289.89, 3597.38
2512209858, 6281.86, 3605.72
1675480182, 5051.22, 2498.93
8528971592, 4888.97, 1165.88
1156898174, 4788.4, 181.69
1754696117, 4693.0, 2540.96
1754696066, 4708.69, 2537.63
1754696197, 4709.85, 2556.15
1754696103, 4712.72, 2541.96
1754696153, 4697.46, 2537.06
1754696056, 4692.37, 2552.61
1754696214, 4712.45, 2553.13
1754696098, 4697.21, 2557.43
149484652, 3962.92, 2578.5
149486034, 4076.97, 607.29
149491902, 3953.46, 3372.31
3755115626, 2122.36, 1485.76
3755115663, 2019.85, 1663.55
3755115632, 2154.38, 1496.51
3755115627, 2167.22, 1488.06
3755114615, 2159.59, 1470.68
3755115634, 2180.05, 1500.7
3755115692, 1968.21, 1726.6
3755115704, 1944.81, 1733.99
3755115670, 2031.98, 1692.45
3755145370, 1745.61, 1449.82
149831292, 3963.68, 1816.47
150030309, 3938.79, 2518.89
627613245, 3798.03, 3919.08
627613261, 3913.76, 3383.54
627613262, 3912.43, 3131.28
627613265, 3912.73, 3044.67
150030330, 3830.29, 3917.3
627613276, 3938.48, 3044.58
627613278, 3914.4, 2575.98
627613282, 3937.75, 2575.3
627613283, 3953.84, 2590.89
627613284, 3914.43, 2515.17
150029571, 4197.18, 297.13
149751454, 3986.28, 615.52
9148431487, 5631.2, 1064.41
8528945671, 5628.24, 1168.22
5425406491, 2153.27, 1451.45
5425406501, 2143.77, 1558.79
5425407146, 2119.2, 1574.47
5425406502, 2114.79, 1577.29
5425406719, 1906.66, 1739.88
5425406827, 1902.54, 1742.65
5425406876, 1970.36, 1730.49
5425406886, 2251.58, 1751.63
7056504560, 2262.21, 1773.06
3755115729, 2223.18, 1768.27
339702065, 2229.27, 1765.26
339702045, 2308.53, 1606.66
339702049, 2301.72, 1654.61
339702042, 2309.47, 1600.22
339702050, 2298.55, 1665.74
5425406914, 2522.85, 1445.22
339702012, 2517.82, 1444.81
5425407024, 2811.5, 1425.49
5425407028, 2802.28, 1435.62
5425407042, 2817.02, 1421.87
5425407034, 2834.65, 1419.48
339701966, 2697.32, 1329.14
5425407071, 2738.49, 1311.47
5425407070, 2767.23, 1288.33
5425407080, 2754.54, 1329.35
5425407083, 2760.46, 1334.93
5425407074, 2772.93, 1342.67
5425407252, 2770.1, 1322.9
5425407084, 2771.3, 1333.11
5425407089, 2741.07, 1283.26
5425407090, 2765.96, 1280.45
5425407095, 2737.95, 1266.43
5425407100, 2737.42, 1258.87
5425407099, 2698.08, 1262.91
5425407101, 2762.64, 1256.83
5425407116, 2161.47, 1314.01
5425407119, 2170.94, 1322.3
339702119, 2011.16, 1514.22
3755115636, 2006.92, 1505.93
6382562020, 2487.41, 1198.45
5425407140, 2092.42, 1558.84
5425407141, 2097.22, 1565.68
5425407151, 2118.96, 1596.31
5425407153, 2107.82, 1598.54
5425407157, 2093.26, 1583.27
5425407163, 2081.18, 1586.16
5425407164, 2103.94, 1580.55
5425407177, 2086.76, 1609.31
5425407174, 2097.31, 1606.99
5425407166, 2104.44, 1605.46
3755115645, 2141.9, 1616.08
5425407167, 2141.31, 1610.42
5425407169, 2107.08, 1616.42
5425407170, 2106.66, 1620.42
5425407176, 2084.48, 1598.98
5425407184, 2097.52, 1547.01
5425407183, 2102.81, 1542.9
5425407237, 2141.65, 1605.91
5425407243, 2151.27, 1591.75
5425407249, 2149.83, 1564.23
5425407250, 2155.92, 1584.58
5425407257, 2801.51, 1376.89
5425407259, 2786.65, 1387.13
5425407260, 2789.66, 1389.67
5748257725, 1930.87, 3064.42
5748257731, 1915.43, 3098.13
5748257755, 1883.88, 3101.95
5748257737, 1975.52, 3095.27
5748257744, 1970.3, 3067.3
6185148058, 5161.88, 1536.11
6185148056, 5146.3, 1536.0
339701941, 2512.18, 1205.08
6475561548, 6655.53, 1003.64
6622924269, 6196.71, 3768.83
6637735150, 6214.3, 3170.95
6637735151, 6250.16, 3210.2
6637735140, 6279.72, 3238.22
6649320399, 2130.16, 3704.41
6683218644, 6189.42, 1403.64
6915834628, 1791.47, 2854.99
6915834636, 1760.41, 2861.21
6985039766, 3559.32, 1142.36
6985039783, 3544.62, 1090.94
6985060889, 3541.96, 1076.06
6985144504, 3124.09, 1715.11
6985144503, 3126.05, 1732.72
6985144505, 3119.38, 1715.62
6985174781, 2043.13, 1699.6
6985352093, 2098.35, 1660.26
7056505346, 2710.73, 1155.25
938868715, 5497.15, 941.92
6990475976, 5317.87, 1157.98
6990475978, 5305.22, 1158.5
8528856815, 5215.04, 1161.54
6990494594, 5146.03, 1157.82
6990494661, 5136.73, 1166.31
6990494663, 5119.97, 1131.17
8528896814, 5111.54, 1139.01
8528905817, 5125.95, 1166.43
6990494668, 5126.27, 1152.42
6990494669, 5128.65, 1149.56
8528896816, 5111.61, 1152.29
8178032846, 4130.17, 2432.28
7033054127, 4137.37, 2470.49
7033054140, 4141.67, 2473.56
7033054139, 4138.15, 2476.59
7033054146, 4139.67, 2482.98
7033083094, 4329.34, 2609.07
7033083116, 4348.86, 2635.25
7033083151, 4346.63, 2672.95
7033083155, 4349.46, 2698.34
7033083158, 4365.86, 2736.6
7033083152, 4343.15, 2674.24
7033083153, 4343.15, 2699.13
7033083156, 4325.28, 2689.11
7033083190, 4472.51, 2887.29
7033083207, 4483.5, 2916.05
7056489154, 2327.66, 1635.92
7056489163, 2357.97, 1566.21
7056489166, 2379.77, 1563.4
7056489171, 2462.7, 1549.51
7056489174, 2552.45, 1612.65
7056505310, 2935.81, 1586.6
7056505312, 3074.45, 1572.45
7056505314, 3104.82, 1569.15
7056505316, 3140.38, 1598.21
7056505319, 3103.89, 1553.35
7056505321, 3010.99, 1563.28
7056505322, 3057.05, 1558.68
5425407258, 2773.49, 1407.12
7056505327, 2739.95, 1188.23
7056505329, 2745.21, 1191.49
7056505331, 2733.97, 1190.66
7056505333, 2705.56, 1173.35
7056505345, 2648.91, 1133.77
7056505359, 2152.28, 1192.65
7056505355, 2196.61, 1190.25
7056504523, 2281.74, 1769.28
7056504527, 2548.69, 1741.36
7056504531, 2567.83, 1738.85
7056504540, 2550.44, 1756.8
7056504543, 2569.46, 1754.61
7056504561, 2268.84, 1786.61
7064837557, 4734.65, 2802.86
7064837554, 4735.77, 2741.95
7064837556, 4719.7, 2802.69
7229648979, 5833.68, 3545.35
921053318, 5670.36, 990.92
921085739, 5313.05, 1024.73
921085763, 5329.38, 1041.45
149952525, 5312.95, 979.22
921085764, 5378.26, 1042.19
928658527, 5378.42, 1057.57
928658492, 5414.67, 1034.97
928658494, 5439.82, 1053.7
928658495, 5435.88, 1061.71
928658499, 5437.58, 1089.92
928658500, 5437.31, 1100.45
928658508, 5414.71, 1026.16
928658509, 5414.72, 1022.37
928658510, 5444.03, 1048.23
928658511, 5446.17, 1045.45
928658512, 5369.19, 1025.19
937261164, 5787.52, 1146.6
937261168, 5781.57, 1133.31
937261171, 5773.72, 1119.17
937261172, 5773.57, 1122.23
8178011434, 5742.87, 1301.18
8178011438, 5761.48, 1301.8
8178011439, 5761.11, 1321.03
8179557185, 5494.87, 3521.02
8810729360, 5529.1, 3522.65
8810729359, 5529.02, 3531.08
8187176245, 4690.37, 3254.66
8187176244, 4689.93, 3227.22
8358683188, 4565.91, 2994.75
8358683194, 4565.16, 3029.07
8447176147, 4322.82, 1487.75
8447176148, 4367.69, 1487.54
8447176149, 4400.39, 1487.76
8447176150, 4503.48, 1488.12
8528896754, 4898.27, 1100.82
8528896727, 4891.82, 1028.92
8528856816, 5202.35, 1161.85
8528896806, 5111.77, 784.31
8528945643, 5516.6, 718.11
8528945620, 5239.6, 1167.78
8528945657, 5550.63, 1054.53
8528945654, 5551.84, 777.36
9148386416, 5555.56, 1064.59
8528945673, 5675.36, 1169.12
8528971586, 4899.32, 1107.87
8528971595, 4821.2, 1167.6
8548176284, 4750.18, 3019.12
8553692087, 1995.67, 3718.29
9571152462, 5917.96, 938.97
8882874486, 6027.81, 1052.26
9571152489, 6027.09, 938.43
3629640364, 3975.89, 3094.9
3629640365, 3900.76, 3095.84
9148239708, 4807.6, 1166.89
9148239709, 4713.69, 1165.97
9148239710, 4699.13, 1165.65
9148239711, 4699.34, 1177.81
9148239712, 4713.64, 1178.13
9148240993, 5302.08, 1167.69
9148431486, 5716.04, 1168.97
149628072, 5717.96, 1067.07
9148386412, 5623.69, 1064.43
9148386411, 5635.19, 1064.38
9148431488, 5674.15, 1064.09
9335189635, 5528.7, 1589.43
